1045,1019,1154
869,1019,934
1045,934,1019
1141,980,1000
1357,1141,1211
1300,1467,1357
1019,1112,1154
1030,1112,1019
1367,1372,1142
1154,1142,1372
1019,869,1030
1045,1154,1264
1372,1264,1154
1054,934,1045
944,908,906
1097,1049,944
951,908,944
951,1049,1018
951,944,1049
832,842,908
951,832,908
1357,1211,1300
966,832,951
980,998,1000
1141,1000,1211
893,998,980
1300,1560,1467
980,1141,1112
1357,1142,1141
1142,1112,1141
1030,893,980
1467,1435,1367
1112,1030,980
1142,1154,1112
1367,1359,1372
1435,1457,1359
869,934,862
1264,1198,1045
1054,899,934
1016,1054,1045
1016,1045,1198
1273,1067,1210
944,994,1097
1273,1210,1251
1251,1210,1400
1300,1251,1442
1300,1211,1251
1300,1442,1560
911,998,893
893,849,911
1301,1142,1357
893,1030,849
1435,1467,1595
805,587,756
1595,1457,1435
862,1030,869
1359,1367,1435
1494,1457,1595
934,747,862
850,747,934
899,850,934
1517,1287,1359
1406,1517,1359
916,931,906
906,931,944
1067,1192,1210
1400,1342,1479
819,785,810
819,810,842
1400,1210,1342
819,684,785
908,842,906
994,1067,1097
1273,1071,1067
1400,1385,1251
832,819,842
832,770,819
832,911,770
1442,1491,1560
1591,1643,1491
1000,1071,1211
1560,1491,1643
1560,1643,1467
1142,1301,1367
1301,1467,1367
805,756,849
772,587,805
805,862,772
713,772,747
1359,1264,1372
1457,1494,1406
1264,1359,1287
1406,1359,1457
1638,1406,1494
853,850,899
1638,1517,1406
899,1054,1006
1006,900,899
1096,916,1052
1096,993,916
993,931,916
916,906,864
810,864,906
1210,1192,1341
1445,1479,1342
993,1066,994
1067,994,1066
1067,1071,1097
1251,1071,1273
1442,1385,1491
819,770,684
1491,1545,1591
999,1071,1000
1643,1591,1675
1000,998,999
1301,1357,1467
1467,1643,1677
1467,1677,1595
862,805,849
713,699,772
747,772,862
1517,1394,1287
850,791,763
846,743,881
1445,1342,1341
1445,1341,1509
1479,1509,1535
1341,1342,1210
785,846,810
994,931,993
931,994,944
810,906,842
1544,1510,1630
328,456,317
456,396,317
1484,1446,1510
472,396,456
1591,1544,1675
1356,1251,1385
1071,1049,1097
698,604,618
659,559,604
1251,1211,1071
698,659,604
911,832,966
1626,1643,1675
849,1030,862
1595,1677,1620
587,772,699
1595,1620,1494
747,763,713
705,713,763
1287,1394,1264
1054,1016,1006
899,900,853
1006,1016,1007
1182,1198,1268
1007,900,1006
916,991,1052
916,904,991
1096,1052,1151
1430,1552,1509
1509,1341,1430
881,904,916
846,785,743
864,846,881
743,785,695
1509,1479,1445
1192,1139,1341
1192,1067,1066
810,846,864
1479,1535,1446
695,785,684
1446,1630,1510
604,559,651
494,472,456
1675,1544,1732
1545,1491,1510
1544,1545,1510
1591,1545,1544
659,560,559
1385,1442,1356
770,911,822
1356,1250,1251
998,966,951
822,911,849
680,849,756
1626,1677,1643
1626,1719,1677
587,681,756
1726,1620,1677
699,713,625
594,526,507
625,713,705
850,763,747
1264,1394,1198
850,853,791
1268,1198,1394
1496,1517,1638
900,1007,965
797,741,904
881,797,904
904,984,991
743,708,881
435,422,434
648,590,434
590,435,434
708,743,693
916,864,881
1096,1066,993
1651,1535,1642
743,695,693
1535,1630,1446
328,436,456
1484,1479,1446
651,650,604
604,650,618
650,653,618
951,1018,998
684,770,664
1049,1071,1018
770,822,680
1356,1251,1250
966,998,911
1442,1251,1356
431,321,308
681,698,680
756,681,680
681,638,757
1677,1719,1726
594,587,699
991,1048,1052
1249,1230,1208
741,903,904
904,903,984
1108,1208,1230
1230,1249,1266
881,798,797
881,708,798
1341,1139,1430
434,422,339
1535,1552,1642
435,590,651
1630,1535,1651
221,266,328
404,436,328
1674,1544,1630
1674,1716,1544
328,353,221
696,695,684
1544,1716,1732
348,221,353
348,312,221
348,353,317
1386,1385,1400
1484,1510,1491
342,396,472
1675,1732,1676
560,472,494
348,308,312
1018,1071,998
1676,1708,1675
342,308,348
308,472,431
698,618,697
1675,1708,1626
561,560,659
822,849,680
321,292,308
671,698,681
1717,1763,1719
681,583,638
583,681,587
1726,1719,1763
427,583,587
782,800,757
587,594,427
594,507,427
699,625,594
1494,1620,1720
1494,1720,1638
576,625,705
1470,1394,1517
1198,1182,1057
1496,1470,1517
1208,1108,1048
1048,991,984
1048,1108,1052
1430,1365,1398
434,528,648
1489,1552,1430
1430,1139,1365
1552,1535,1509
1096,1151,1066
695,651,590
1630,1651,1674
328,266,404
1400,1479,1383
353,328,317
221,312,223
1698,1732,1776
684,664,696
1491,1385,1484
317,396,342
697,618,653
342,348,317
342,472,308
697,664,770
246,216,132
770,680,697
1071,999,998
680,698,697
824,848,757
1665,1719,1626
321,279,292
757,671,681
431,479,440
1763,1754,1726
1620,1726,1720
594,625,526
1720,1678,1638
1678,1617,1638
705,763,791
705,669,576
1016,1198,1057
1016,1057,1007
1208,1168,1249
903,887,984
1230,1151,1108
1489,1430,1398
1365,1139,1266
1489,1642,1552
1673,1642,1584
339,351,338
1673,1663,1642
339,422,351
1139,1292,1266
1151,1152,1066
1642,1663,1651
1651,1663,1674
436,404,455
557,436,455
404,266,361
557,651,559
696,650,695
1400,1383,1386
1479,1484,1383
559,560,494
205,246,132
291,246,205
1819,1676,1698
848,1013,847
308,292,312
847,745,848
1626,1708,1632
1858,1717,1676
561,431,472
848,745,757
671,659,698
848,824,926
757,800,824
757,638,782
1720,1726,1754
507,417,427
417,507,461
507,526,461
526,625,576
526,576,461
1638,1617,1496
791,792,705
939,900,965
1057,965,1007
1038,1168,1208
1108,1151,1052
580,648,528
1365,1371,1398
1584,1642,1489
708,693,798
469,422,435
695,590,693
1735,1785,1716
651,557,435
1192,1066,1152
1785,1773,1716
1773,1776,1716
557,494,436
494,557,559
1776,1732,1716
456,436,494
1819,1776,1773
1819,1698,1776
223,312,205
205,312,291
696,664,653
972,1069,997
653,664,697
1013,972,997
561,472,560
1819,1858,1676
216,169,132
1665,1632,1708
1676,1717,1708
588,582,659
299,292,231
926,967,1013
1717,1719,1665
1632,1665,1626
231,279,257
431,440,373
431,373,321
1828,1788,1754
1788,1720,1754
1057,1182,1055
705,792,669
853,792,791
1038,1208,1048
1308,1168,1370
1249,1168,1308
673,603,720
854,887,903
1249,1308,1266
750,741,797
1489,1398,1540
1339,1266,1308
1540,1584,1489
648,603,673
528,434,411
1673,1584,1736
351,286,338
688,590,648
1266,1292,1230
1340,1314,1309
422,404,351
404,305,351
651,695,650
361,266,305
1385,1386,1484
1732,1698,1676
200,223,205
205,132,200
847,1013,960
1013,997,960
291,312,292
1040,1069,972
1858,1787,1717
299,231,246
588,659,671
848,926,1013
431,561,479
745,671,757
1763,1717,1787
292,279,231
948,967,926
824,800,926
948,926,921
583,427,657
583,657,638
1720,1788,1678
627,576,669
1055,965,1057
1268,1147,1182
1394,1147,1268
1647,1454,1533
1328,1370,1168
887,983,984
580,528,603
854,903,741
673,688,648
1266,1339,1365
327,338,286
1673,1736,1758
298,244,286
1151,1230,1152
1758,1735,1673
1230,1292,1152
286,351,298
1139,1192,1292
298,351,305
1735,1716,1673
266,202,298
254,266,221
227,287,221
1383,1331,1386
221,223,227
898,890,847
1160,1082,1069
200,132,206
291,299,246
1160,1243,1082
582,588,636
847,890,745
972,1013,967
972,967,1040
246,231,216
659,582,561
373,279,321
800,921,926
1763,1787,1754
1828,1754,1871
1828,1871,1845
1828,1808,1788
461,397,417
442,461,576
853,827,792
1518,1496,1617
900,939,853
1496,1413,1470
1470,1147,1394
1549,1533,1518
1705,1647,1549
1454,1303,1423
1647,1500,1454
741,780,854
443,603,528
603,552,720
886,983,887
984,983,1048
339,358,388
580,603,648
339,411,434
798,750,797
327,286,244
1371,1365,1339
1478,1540,1398
693,768,798
1398,1340,1314
1340,1309,1314
219,244,298
1152,1292,1192
435,557,455
1674,1673,1716
266,298,305
1785,1799,1773
221,288,254
202,266,230
254,230,266
1484,1401,1383
221,287,288
650,696,653
997,1069,1059
292,299,291
671,665,588
190,169,216
1040,967,961
216,208,190
231,208,216
823,671,745
373,323,279
496,479,561
671,746,654
1787,1839,1754
1754,1839,1871
257,188,231
611,582,746
440,479,464
257,279,280
782,861,800
521,596,427
1678,1744,1617
615,627,669
615,669,792
576,627,442
1055,939,965
1423,1518,1533
1533,1549,1647
1533,1454,1423
1500,1303,1454
1168,1167,1328
929,1038,886
1168,1038,1167
1038,1048,983
1038,983,886
741,750,738
720,750,673
388,411,339
1371,1339,1308
1584,1540,1529
358,338,327
688,673,768
688,693,590
1785,1735,1816
422,469,389
1663,1673,1682
219,298,202
435,455,469
389,404,422
1797,1799,1785
219,202,230
404,361,305
1383,1401,1331
1484,1386,1401
267,287,227
227,223,200
1386,1331,1401
1069,1082,1059
898,847,960
1069,1040,1070
132,190,206
1069,1243,1160
636,588,665
132,169,190
1884,1839,1858
654,582,665
745,910,823
1708,1717,1665
1787,1858,1839
561,550,496
550,561,582
479,496,550
550,582,611
823,746,671
654,746,582
860,746,823
860,861,746
257,280,188
440,332,373
861,860,949
782,712,861
800,861,921
427,596,657
638,657,782
427,417,521
1788,1808,1791
467,461,442
1182,1147,1055
1496,1518,1413
760,792,827
1617,1549,1518
792,760,615
1407,1518,1423
1617,1705,1549
1647,1597,1500
1328,1487,1370
886,887,854
780,741,738
552,603,443
738,750,720
443,528,411
1584,1529,1736
1612,1736,1529
211,327,244
1398,1371,1488
339,338,358
1398,1488,1340
768,673,750
1758,1816,1735
244,219,211
1398,1314,1478
1816,1797,1785
768,693,688
1340,1271,1314
455,389,469
1663,1682,1674
127,242,142
1834,1773,1799
1834,1878,1773
1878,1887,1858
1070,1243,1069
961,997,1059
961,960,997
1858,1887,1884
890,910,745
654,665,671
910,961,860
961,967,1042
910,860,823
479,550,464
860,948,949
746,861,712
948,921,949
279,332,280
440,352,332
712,782,657
1808,1828,1845
521,417,382
596,521,447
521,382,447
1788,1744,1678
397,461,467
1413,1235,1470
1470,1235,1147
939,896,853
1407,1525,1518
1423,1303,1407
1705,1621,1647
1567,1500,1597
622,720,552
1038,929,1167
450,443,411
1371,1410,1488
1410,1459,1488
1714,1816,1736
750,798,768
1736,1816,1758
1478,1314,1431
404,389,455
1674,1682,1673
298,306,305
316,254,288
230,254,242
102,142,126
1773,1878,1819
1858,1819,1878
1059,1082,1070
665,582,636
910,890,960
961,910,960
961,1059,1060
1040,961,1060
961,1042,860
948,1042,967
860,1042,948
332,279,323
373,332,323
949,921,861
247,188,280
611,746,596
746,712,596
352,440,464
596,712,657
447,577,596
442,627,537
939,1055,1086
853,896,827
924,896,939
1500,1376,1303
1647,1621,1597
1567,1580,1569
622,552,443
1370,1410,1371
1308,1370,1371
226,327,211
1488,1330,1340
1271,1340,1330
1399,1314,1271
1431,1314,1399
305,306,298
1798,1878,1799
288,307,316
1834,1799,1878
267,288,287
1070,1060,1059
200,190,155
200,256,227
898,960,890
227,256,267
1060,1070,1040
231,187,208
1884,1871,1839
1884,1896,1871
231,188,187
550,611,497
611,524,497
611,596,593
1808,1845,1909
1791,1808,1879
1788,1791,1744
924,939,1086
1705,1617,1616
1705,1681,1668
1668,1621,1705
1567,1376,1500
1567,1621,1656
1567,1438,1376
1567,1569,1438
1580,1567,1656
780,738,676
622,738,720
833,854,780
854,833,886
1487,1410,1370
1459,1410,1487
411,388,452
411,452,450
259,327,226
1530,1529,1478
1478,1529,1540
1478,1431,1530
1798,1799,1797
219,204,127
219,230,204
127,204,242
230,242,204
242,116,142
242,238,200
200,155,242
1082,1243,1070
208,155,190
190,200,206
256,238,267
550,497,464
1845,1871,1896
280,332,247
1909,1845,1896
611,593,524
1808,1909,1879
417,397,382
537,600,447
1055,1262,1086
1055,1147,1262
442,537,467
1525,1413,1518
1262,1147,1235
627,615,551
397,467,394
1347,1235,1525
1413,1525,1235
615,760,628
1681,1705,1616
1668,1681,1803
1247,1303,1362
1376,1362,1303
1597,1621,1567
1376,1438,1362
928,981,929
622,676,738
902,928,929
622,443,503
1167,1150,1328
1487,1382,1369
929,886,902
1167,1138,1150
1369,1459,1487
503,443,450
1714,1736,1613
1459,1477,1488
1714,1797,1816
1330,1488,1477
1736,1612,1613
226,265,259
127,142,94
1855,1878,1798
254,238,242
238,256,200
1888,1884,1887
92,120,62
1888,1900,1884
138,187,188
188,207,138
188,247,207
397,383,382
577,447,600
447,382,537
924,1086,964
397,394,383
1654,1616,1617
1654,1617,1744
537,627,551
1235,1319,1262
827,628,760
1721,1803,1681
1303,1156,1407
1303,1247,1156
1783,1712,1668
1438,1378,1362
1569,1378,1438
981,1167,929
780,676,833
1559,1369,1573
1328,1295,1382
1382,1487,1328
1582,1559,1573
1582,1573,1662
327,259,388
388,358,327
211,163,226
265,345,259
1529,1531,1612
211,219,163
265,226,304
219,203,183
1797,1838,1798
1530,1431,1462
127,141,219
119,46,127
141,203,219
119,127,94
254,316,307
94,142,102
238,254,307
1892,1887,1878
155,168,242
307,267,238
307,288,267
91,53,126
155,208,168
187,138,120
120,138,62
247,332,301
464,497,352
1144,1171,1196
537,382,383
1879,1859,1791
1085,1086,1262
551,600,537
1740,1744,1791
467,537,394
1681,1616,1636
628,551,615
1525,1407,1347
1156,1347,1407
1621,1691,1656
1569,1497,1378
676,737,833
902,886,833
1369,1559,1459
503,635,622
450,503,540
450,400,503
1573,1670,1662
1662,1629,1582
503,450,540
219,183,159
1399,1462,1431
119,25,46
242,168,116
126,53,27
92,53,91
79,120,92
62,138,95
1896,1884,1900
1482,1433,1196
1196,1358,1482
352,301,332
524,593,585
1482,1358,1421
497,392,352
1879,1909,1904
964,1086,1085
964,896,924
1744,1740,1654
827,896,793
1319,1235,1347
1681,1636,1721
827,793,628
1810,1783,1668
1803,1810,1668
1668,1712,1621
1621,1712,1691
1378,1241,1362
1580,1556,1569
1206,1328,1150
1206,1325,1328
1328,1325,1295
503,400,480
480,635,503
622,635,676
400,450,428
1167,1092,1138
293,259,345
1795,1797,1714
1529,1530,1531
1399,1330,1477
1399,1477,1443
163,219,159
251,304,226
1330,1399,1271
46,141,127
1798,1856,1855
1892,1878,1855
46,25,74
119,94,101
119,101,25
126,27,25
126,94,102
142,91,126
116,91,142
91,116,92
208,187,168
62,53,92
62,95,71
138,207,95
1482,1513,1433
1196,1171,1358
596,597,593
577,597,596
383,394,537
1904,1859,1879
1319,1347,1118
1669,1580,1656
1378,1497,1241
981,928,930
902,930,928
981,1092,1167
357,367,400
400,428,357
1369,1382,1537
1601,1573,1574
450,452,428
249,293,164
293,368,259
1629,1623,1582
1477,1459,1523
345,251,293
360,251,345
1797,1795,1838
1530,1462,1531
46,81,141
101,94,126
187,128,168
128,187,120
128,120,79
1524,1299,1433
1513,1524,1433
1433,1299,1196
1196,1299,1223
1144,1196,1171
1358,1171,1420
1909,1896,1902
247,269,207
597,585,593
577,575,597
577,600,575
1310,1452,1439
551,586,600
895,896,964
896,895,793
1755,1740,1791
1262,1319,1183
628,793,748
1783,1691,1712
1569,1556,1497
1092,981,1150
737,676,767
1138,1092,1150
357,378,249
1573,1601,1670
293,249,378
1662,1670,1812
387,428,452
1582,1570,1559
293,378,368
1559,1523,1459
195,164,293
388,401,452
1582,1623,1570
1523,1485,1477
1714,1613,1795
1485,1443,1477
226,163,235
251,226,235
345,265,360
1531,1623,1625
360,304,251
1462,1399,1443
1838,1852,1798
1856,1798,1852
203,141,183
81,46,74
74,25,4
25,101,126
1887,1892,1888
85,92,116
168,128,116
62,56,53
1403,1299,1524
1649,1524,1513
118,71,95
207,118,95
1194,1196,1223
1196,1143,1171
1358,1420,1450
301,269,247
524,445,497
586,575,600
1310,1288,1452
923,895,964
923,964,1085
1262,1183,1085
1791,1859,1755
1183,1118,1177
1680,1721,1636
1347,1176,1118
1156,1176,1347
1669,1656,1691
1580,1669,1556
1058,1095,981
1058,981,930
752,690,539
1150,981,1095
539,690,480
1369,1587,1573
400,367,468
480,400,468
635,767,676
1369,1537,1587
1327,1295,1325
621,635,480
428,378,357
1734,1662,1812
388,259,401
401,387,452
159,195,163
293,212,195
251,212,293
1623,1629,1625
1570,1623,1531
235,270,251
1838,1826,1852
1672,1613,1625
183,99,159
1612,1531,1625
1625,1613,1612
74,4,33
1892,1855,1856
25,27,28
1511,1125,1299
27,53,29
1403,1511,1299
1892,1895,1888
1524,1511,1403
1900,1888,1895
56,29,53
1513,1644,1649
1196,1194,1143
207,269,248
1482,1644,1513
1482,1563,1644
392,301,352
1482,1562,1563
614,685,612
1450,1421,1358
597,614,585
614,445,585
1909,1922,1904
1740,1680,1654
1680,1740,1721
1654,1680,1616
1721,1740,1755
1755,1803,1721
641,551,628
1118,1176,1177
1156,1247,1157
1691,1751,1669
856,884,752
1537,1458,1541
752,716,690
1206,1150,1228
1587,1574,1573
885,752,884
885,737,752
930,902,938
767,716,737
249,310,357
1537,1382,1327
902,833,938
387,378,428
1523,1559,1570
195,212,163
1613,1672,1795
1838,1795,1826
1795,1672,1737
265,304,360
1852,1818,1856
1818,1862,1856
1892,1856,1862
28,4,25
1298,1125,1511
27,29,61
2,61,29
128,85,116
1524,1553,1511
24,14,29
118,63,71
1657,1649,1644
1194,1171,1143
392,289,301
612,466,614
1909,1902,1922
585,445,524
445,392,497
1680,1636,1616
1319,1118,1183
641,586,551
628,748,641
1783,1820,1691
1362,1241,1247
752,539,765
752,765,856
1541,1458,1526
539,448,566
690,716,621
1458,1537,1336
752,737,716
480,690,621
767,635,716
1150,1189,1228
1670,1749,1812
737,885,938
1382,1295,1327
737,938,833
1697,1662,1734
368,387,401
1570,1485,1523
401,259,368
1836,1815,1826
251,270,212
1570,1531,1485
1826,1815,1852
1826,1795,1737
1462,1485,1531
33,99,74
74,99,81
99,183,81
141,81,183
608,398,439
1298,943,1125
28,27,61
1125,943,1068
398,309,439
1125,1068,1299
14,2,29
362,439,309
1553,1524,1649
29,56,24
85,79,92
62,71,56
56,71,24
269,301,289
1194,1224,1171
1171,1224,1420
1450,1562,1482
1450,1482,1421
1310,1393,1288
1085,1004,923
1904,1922,1915
1904,1915,1859
793,715,748
1832,1755,1859
1497,1556,1498
1669,1619,1556
1458,1311,1526
1587,1541,1557
539,481,448
1557,1574,1587
480,481,539
930,925,1058
1227,1206,1228
885,884,925
938,885,925
621,716,635
195,73,164
368,378,387
193,249,164
1697,1629,1662
89,195,159
89,159,99
270,235,212
212,235,163
1485,1462,1443
80,99,33
679,608,609
811,679,609
4,28,5
942,1068,943
1424,1298,1511
85,128,79
1299,1068,1110
362,309,330
1649,1631,1592
1223,1299,1194
1896,1900,1902
71,63,31
1450,1420,1562
639,612,685
1644,1777,1657
612,639,466
1725,1644,1563
409,289,392
392,445,409
1310,1439,1393
1004,1085,1113
1452,1360,1439
1288,1360,1452
1085,1183,1113
802,715,793
641,575,586
793,895,802
1755,1810,1803
1176,1217,1177
1247,1241,1282
1691,1820,1751
1296,1526,1311
1458,1205,1311
1541,1526,1557
539,566,765
734,856,765
1537,1541,1587
367,481,468
357,313,367
481,480,468
930,938,925
1228,1189,1227
1336,1537,1327
357,310,313
310,249,193
164,194,193
1812,1821,1734
1734,1821,1836
1697,1625,1629
1734,1836,1826
1697,1737,1625
1737,1672,1625
89,99,80
80,33,88
943,679,942
35,33,4
398,608,581
679,581,608
1298,1209,943
942,679,811
1424,1209,1298
437,318,398
1895,1892,1862
61,6,28
1553,1424,1511
398,318,309
61,2,6
1553,1649,1492
1928,1902,1900
1631,1649,1657
1220,1631,1562
118,207,170
1220,1420,1224
1562,1420,1220
1563,1562,1631
207,248,170
1644,1725,1777
1163,1136,1175
1215,1163,1175
1136,1056,1197
614,597,575
922,923,1005
923,922,895
1183,1177,1090
1810,1820,1783
1156,1157,1176
1282,1157,1247
1241,1291,1282
1669,1667,1619
1751,1667,1669
1556,1619,1498
1058,884,1077
1458,1336,1205
1206,1227,1205
856,734,766
1327,1325,1336
1601,1707,1670
1601,1639,1707
1601,1574,1627
1749,1821,1812
73,194,164
1601,1627,1639
1826,1737,1734
1737,1697,1734
1852,1815,1833
1818,1852,1833
679,943,1209
1553,1481,1424
1895,1862,1880
1068,942,1028
608,439,530
318,335,309
1492,1649,1592
1928,1900,1895
71,31,24
1631,1657,1699
1928,1931,1902
1631,1725,1563
125,63,118
1163,1133,1136
269,289,248
445,614,466
1288,1393,1317
1927,1915,1922
1395,1360,1288
748,715,641
1832,1810,1755
1905,1859,1915
1861,1832,1859
1157,1217,1176
1751,1820,1731
1241,1497,1324
1497,1498,1324
1205,1336,1206
1058,1124,1095
884,1058,925
1325,1206,1336
1227,1189,1150
1557,1659,1574
1521,1440,1528
1670,1707,1749
310,263,313
1627,1574,1659
1476,1528,1474
195,89,80
1396,1353,1476
1476,1353,1429
1270,1429,1353
1833,1822,1818
679,1026,809
1209,1026,679
33,35,34
581,437,398
28,6,5
811,877,942
608,530,609
1895,1916,1917
2,14,16
309,335,330
14,24,16
1492,1592,1512
362,330,459
1220,1224,1194
1631,1512,1592
1631,1220,1512
1699,1725,1631
118,170,125
685,686,639
445,466,533
1922,1902,1929
248,289,409
445,533,409
614,686,685
1133,1056,1136
1004,1005,923
1113,1183,1090
1915,1927,1905
575,641,701
1780,1701,1746
1810,1832,1861
1047,1090,1177
1217,1047,1177
1810,1793,1820
1291,1200,1282
1667,1751,1731
1296,1311,1205
1521,1526,1440
566,448,414
1150,1095,1227
1440,1474,1528
1821,1774,1775
194,73,111
1474,1396,1476
1821,1775,1836
195,88,73
1836,1775,1815
195,80,88
1270,1353,1284
1209,1424,1079
1481,1553,1404
877,867,942
709,811,609
867,1028,942
1492,1404,1553
21,2,3
1110,1068,1028
3,2,16
439,362,530
1492,1512,1387
1928,1895,1917
24,38,16
1161,1194,1299
24,31,38
1161,1220,1194
1777,1800,1657
1931,1929,1902
1764,1777,1725
248,199,170
248,275,199
1133,1163,1215
275,248,409
1393,1439,1499
1922,1932,1927
614,575,686
1175,1136,1197
686,575,701
1113,1090,1004
922,802,895
1005,1090,1008
1769,1701,1780
701,641,715
1090,1047,1008
1859,1905,1861
1200,1157,1282
1296,1440,1526
884,1011,1077
1095,1124,1227
448,481,414
1600,1659,1557
1527,1521,1528
1774,1749,1707
1749,1774,1821
193,194,310
1284,1353,1397
98,166,158
1313,1429,1270
679,744,581
1822,1842,1818
5,35,4
1818,1842,1862
1880,1862,1873
5,6,2
1916,1895,1880
811,709,877
530,362,459
1083,1299,1110
1299,1083,1161
459,330,365
1512,1220,1387
1161,1072,1120
1699,1657,1800
1800,1764,1699
639,572,466
686,624,639
1317,1499,1405
199,125,170
1499,1317,1393
275,409,372
1004,1020,1005
1225,1395,1288
1225,1288,1317
1215,1175,1197
922,826,802
1197,1056,1145
701,802,686
1005,1020,1090
1020,1004,1090
802,701,715
1005,1008,922
1769,1746,1701
1847,1861,1872
1861,1905,1872
1241,1324,1291
1731,1581,1667
1581,1572,1667
1572,1619,1667
1526,1521,1557
1227,1124,1063
1205,1227,1063
1521,1600,1557
566,414,499
734,765,766
481,367,414
367,313,414
463,430,555
1528,1476,1522
1627,1650,1639
1396,1397,1353
1774,1753,1775
111,88,98
303,278,370
1815,1775,1833
1833,1775,1753
98,64,149
98,149,166
1761,1753,1830
1822,1753,1761
1833,1753,1822
149,64,113
88,33,34
679,809,744
744,723,581
1880,1873,1867
1424,1481,1079
381,318,437
336,335,318
709,609,530
709,775,877
1492,1387,1404
3,16,69
709,637,666
1387,1244,1404
1244,1387,1220
1161,1083,1072
1451,1405,1499
1699,1764,1725
1764,1827,1777
686,700,843
1031,1133,1099
1031,1056,1133
826,700,730
1439,1514,1499
1056,1031,1099
1395,1225,1345
1929,1932,1922
700,686,730
1439,1422,1514
686,802,730
1422,1439,1360
826,730,802
1905,1927,1919
1932,1919,1927
922,1008,851
1047,851,1008
1810,1861,1793
1217,1157,1246
1804,1731,1820
1619,1572,1498
1296,1205,1203
1296,1203,1416
1416,1440,1296
884,856,953
1077,1124,1058
1521,1527,1600
857,856,766
766,765,691
313,311,414
1440,1473,1474
263,310,192
1627,1659,1650
1707,1639,1650
1707,1813,1774
310,194,192
88,111,73
194,111,165
1284,1397,1313
1522,1476,1460
282,278,303
1429,1460,1476
1429,1313,1397
1774,1830,1753
303,370,359
98,88,64
1270,1284,1313
64,88,34
113,64,34
1842,1822,1837
1822,1761,1837
1026,958,809
1842,1873,1862
581,723,437
35,5,66
35,66,34
5,54,68
5,2,21
1481,1257,1079
5,21,54
3,54,21
1916,1911,1917
666,775,709
709,530,637
69,16,23
330,335,365
16,38,23
1072,1083,1029
1777,1827,1800
31,63,57
466,572,545
1267,1225,1317
1405,1267,1317
63,125,57
639,624,572
1514,1451,1499
275,224,199
1133,1173,1099
1215,1173,1133
1215,1261,1173
1395,1422,1360
1780,1746,1769
913,851,1047
913,1047,1217
1087,913,1217
1246,1157,1200
884,953,1011
1063,1124,1011
1205,1063,1203
1011,1124,1077
1416,1415,1440
856,857,953
499,765,566
311,313,263
420,311,430
463,420,430
192,194,165
282,311,192
282,303,359
282,165,158
589,674,722
1397,1460,1429
1761,1830,1738
184,166,149
403,370,236
113,184,149
1806,1842,1837
1079,1026,1209
113,34,66
66,5,68
1911,1916,1880
66,68,123
3,87,54
867,1001,1028
69,87,3
459,637,530
1923,1928,1917
1028,1083,1110
1220,1259,1244
637,459,532
1083,1028,1029
1928,1923,1931
1220,1161,1259
1827,1764,1800
1267,1120,1225
843,624,686
700,826,843
1197,1261,1215
838,843,826
1099,1145,1056
826,831,838
1345,1422,1395
826,922,831
1679,1706,1634
831,922,851
1769,1746,1739
1919,1898,1905
1898,1872,1905
1217,1246,1087
1164,1187,1306
1804,1820,1793
1572,1455,1324
1572,1324,1498
1324,1248,1291
1416,1203,1334
766,691,857
414,311,420
463,499,420
1659,1600,1599
463,554,499
1527,1528,1538
192,311,263
1473,1396,1474
1659,1599,1650
192,165,282
311,282,359
672,722,692
1396,1338,1397
722,674,692
430,529,555
1338,1297,1397
1397,1297,1460
165,111,158
395,430,385
1830,1774,1813
589,529,674
111,98,158
529,732,674
282,158,278
370,278,236
166,184,158
278,158,184
1837,1761,1738
184,113,145
723,381,437
66,145,113
1481,1404,1257
54,117,68
68,124,123
68,117,124
117,54,87
124,121,176
1001,1029,1028
775,666,726
459,365,406
87,69,23
23,44,87
637,532,682
637,682,666
1907,1931,1923
31,57,38
1120,1072,1029
1161,1120,1267
152,57,125
1388,1475,1345
125,199,152
1514,1571,1451
1932,1929,1931
1098,1345,1225
1261,1197,1107
413,372,409
533,413,409
1606,1602,1634
1145,1107,1197
1679,1634,1706
880,831,851
1238,1239,1306
1246,1200,1131
1200,1240,1131
1200,1291,1248
1572,1581,1568
1666,1731,1804
1415,1473,1440
765,499,706
414,420,499
499,554,706
554,722,677
722,672,677
1600,1527,1538
1707,1650,1686
1813,1707,1686
554,589,722
430,311,385
311,359,385
555,554,463
692,740,672
1428,1338,1396
395,529,430
395,385,359
529,395,515
370,402,359
1837,1738,1830
402,515,395
1830,1873,1837
370,403,402
278,184,236
1850,1867,1873
809,723,744
1873,1842,1806
1026,1080,958
1080,1026,1079
145,214,220
1867,1910,1880
145,66,123
1880,1910,1911
867,877,787
176,123,124
877,775,787
1404,1244,1257
124,117,121
1153,1244,1259
459,406,532
1354,1259,1405
1405,1468,1354
666,682,726
23,38,55
23,55,44
726,682,789
1405,1259,1161
1405,1161,1267
1405,1594,1468
1405,1451,1594
130,152,199
1029,1043,1120
1930,1931,1907
418,466,545
1225,1120,1098
1931,1930,1932
224,275,372
1099,1173,1107
1422,1345,1475
1571,1514,1475
1610,1602,1606
1514,1422,1475
1606,1700,1610
1099,1107,1145
1700,1606,1634
1146,1107,1318
1809,1746,1769
1847,1739,1746
1847,1746,1809
851,913,880
1861,1847,1809
1306,1348,1164
1348,1306,1302
1131,1087,1246
1131,1074,1087
1240,1074,1131
1581,1731,1666
1011,953,1010
1414,1334,1203
1416,1334,1415
1415,1334,1414
765,706,691
691,778,857
1599,1600,1538
1396,1473,1428
554,555,589
529,589,555
692,674,732
395,359,402
1813,1853,1830
649,529,515
1830,1853,1873
515,402,412
1873,1853,1850
145,236,184
220,236,145
1873,1806,1837
403,236,253
958,888,809
1079,1257,1080
336,365,335
787,1001,867
1917,1911,1923
87,121,117
121,87,44
1029,1001,920
1554,1594,1451
1594,1554,1633
1001,844,920
630,565,572
789,682,667
199,224,239
1120,1043,1098
1554,1451,1571
407,418,545
466,418,533
418,413,533
300,372,322
322,372,413
1932,1930,1926
1706,1634,1695
1107,1146,1265
1695,1769,1739
1769,1695,1809
1348,1318,1164
1389,1348,1302
1861,1811,1793
1306,1187,1238
1075,1074,1240
1240,1200,1305
1666,1598,1581
1200,1248,1305
1063,1333,1203
1011,1010,1063
865,901,953
554,677,706
1528,1508,1538
1522,1508,1528
773,740,692
1428,1297,1338
647,732,529
529,649,647
412,402,403
236,220,253
723,809,888
214,145,123
318,381,336
176,109,123
775,726,787
176,121,143
1001,787,844
365,366,406
726,789,828
1029,1002,1043
1029,920,1002
562,667,682
57,55,38
199,151,130
199,239,151
545,565,407
572,565,545
624,630,572
630,624,758
1571,1610,1554
1925,1930,1907
239,224,300
1610,1571,1583
894,843,838
372,300,224
1107,1265,1261
1609,1646,1634
1634,1602,1609
1919,1932,1926
1128,1318,1107
1146,1318,1265
1318,1348,1265
1847,1877,1739
1809,1811,1861
1811,1768,1793
913,1087,1017
1768,1804,1793
1074,1009,1087
1240,1323,1075
1598,1568,1581
1036,1074,1100
1100,1074,1075
1572,1568,1455
1248,1324,1455
1075,1132,1100
778,706,683
953,857,865
1542,1415,1505
778,691,706
1473,1415,1542
807,857,778
707,672,740
707,677,672
1473,1508,1428
1650,1599,1733
1599,1538,1611
1522,1460,1508
1428,1460,1297
403,253,350
185,186,252
252,253,220
723,888,724
214,123,109
1392,1354,1447
787,726,820
1466,1354,1468
1923,1911,1907
787,868,844
1259,1258,1153
726,828,820
682,532,562
55,10,36
365,377,366
36,75,55
55,75,44
562,727,667
57,93,55
151,152,130
789,667,812
407,465,418
843,830,624
843,894,829
1345,1373,1388
1610,1583,1602
1516,1571,1475
1173,1128,1107
1634,1706,1700
831,801,838
1261,1265,1245
1739,1706,1695
1695,1702,1809
880,852,831
1872,1898,1866
880,937,852
880,913,937
1239,1349,1306
1087,1009,1017
1804,1768,1742
1074,1036,1009
1323,1202,1075
1248,1455,1305
1568,1471,1455
1101,1100,1132
1333,1063,1010
1203,1333,1414
1414,1505,1415
683,807,778
857,807,865
1473,1542,1538
773,647,677
1508,1460,1428
1794,1813,1686
453,337,569
97,171,189
515,569,649
569,647,649
515,412,453
284,350,189
453,412,350
1784,1817,1853
350,253,189
350,412,403
186,185,140
252,220,214
185,252,214
1850,1910,1867
302,336,381
1910,1906,1911
302,295,336
1392,1447,1465
143,109,176
1875,1907,1911
1354,1466,1447
1354,1258,1259
1466,1468,1594
532,406,562
828,789,812
1608,1594,1633
1633,1645,1608
407,565,465
1554,1645,1633
868,920,844
1098,1043,1078
55,93,10
444,418,465
843,829,830
624,830,758
1261,1281,1173
1128,1173,1084
1373,1345,1098
1571,1516,1583
418,426,413
1634,1646,1695
1348,1346,1265
1389,1346,1348
1866,1847,1872
1302,1346,1389
1702,1704,1809
913,1017,937
1302,1306,1349
1187,1239,1238
1239,1218,1322
1323,1240,1305
1804,1742,1666
1455,1471,1305
1036,1100,1076
1075,1202,1132
1101,1076,1100
1132,1165,1101
1333,1368,1414
954,953,901
865,807,683
954,1010,953
500,356,498
706,677,564
1508,1473,1538
677,579,564
356,500,416
500,449,416
241,171,153
416,449,297
1611,1538,1685
570,569,500
1599,1611,1733
449,500,337
1686,1650,1733
297,449,337
500,569,337
773,732,647
692,732,773
647,569,570
171,218,189
284,297,337
515,453,569
350,284,337
350,337,453
421,453,412
1813,1784,1853
284,189,218
1817,1849,1853
189,252,186
189,253,252
26,100,106
1910,1850,1885
1080,957,958
1392,1465,1384
1906,1910,1863
1392,1384,1354
115,67,109
115,109,143
1906,1875,1911
1257,1153,1080
1244,1153,1257
365,336,366
889,787,820
115,143,121
366,377,365
121,44,75
868,787,889
1594,1608,1466
820,812,689
812,820,828
10,43,36
1645,1554,1610
630,444,565
565,444,465
758,616,630
727,812,667
151,179,152
1436,1475,1388
152,93,57
444,426,418
1281,1261,1245
838,863,894
322,413,364
1706,1739,1700
1722,1703,1704
1218,1239,1187
1471,1363,1305
500,498,579
707,740,773
241,153,191
579,570,500
241,297,258
326,416,297
258,171,241
1794,1784,1813
297,284,258
421,412,453
189,70,97
70,140,100
189,186,140
888,799,724
558,723,724
1850,1843,1885
214,84,185
214,109,84
51,84,109
1863,1910,1885
109,67,51
820,932,889
751,786,820
32,67,115
336,295,458
8,32,115
336,458,366
1466,1608,1447
1354,1379,1258
121,75,115
366,458,406
1593,1608,1645
689,562,544
868,889,927
562,689,727
1078,1043,1002
920,868,1002
1925,1907,1901
812,727,689
1610,1700,1645
239,179,151
152,179,93
863,830,829
179,239,240
300,290,240
300,240,239
894,863,829
1260,1128,1084
1583,1564,1602
863,838,801
1289,1245,1265
1602,1564,1609
1702,1695,1646
1919,1889,1866
852,801,831
1919,1866,1898
1877,1847,1866
1302,1361,1346
1722,1704,1702
1278,1164,1318
1164,1278,1187
1703,1811,1809
1809,1704,1703
1811,1703,1768
937,1017,976
1178,1302,1349
1322,1178,1349
1768,1723,1742
1723,1730,1598
1598,1666,1723
1322,1349,1239
1596,1471,1568
1742,1723,1666
1010,968,1333
968,1094,1333
1010,954,968
1368,1505,1414
901,865,683
1504,1542,1505
564,646,706
706,646,683
564,579,498
1542,1685,1538
326,356,416
677,707,773
677,570,579
570,677,647
153,171,65
1794,1686,1733
171,97,65
258,218,171
284,218,258
100,26,39
189,140,70
1853,1849,1850
42,39,26
106,100,140
140,137,106
185,137,140
1857,1843,1850
723,424,381
958,957,946
1885,1843,1857
1402,1384,1465
1402,1354,1384
8,30,32
1447,1418,1465
751,820,689
1379,1354,1402
689,544,751
889,988,927
1875,1924,1907
115,43,8
75,43,115
43,75,36
1546,1593,1645
1924,1901,1907
927,1002,868
630,616,444
1645,1700,1692
1388,1373,1276
1388,1276,1436
1276,1373,1098
1173,1281,1084
1475,1436,1516
1930,1925,1889
1926,1930,1889
290,300,322
426,364,413
1181,1128,1260
1653,1646,1609
1889,1891,1866
1128,1181,1318
801,852,840
1318,1181,1278
1730,1723,1768
1187,1178,1218
1596,1568,1598
1363,1323,1305
1119,1202,1242
1202,1119,1132
736,901,683
281,271,326
1685,1542,1696
241,281,297
281,326,297
153,196,191
1733,1611,1685
96,65,97
100,48,96
96,70,100
96,97,70
1784,1849,1817
1857,1850,1849
90,26,106
888,946,799
723,558,424
1885,1886,1863
67,52,51
889,932,988
67,32,52
1418,1402,1465
406,458,425
1379,1418,1555
544,406,425
1447,1555,1418
406,544,562
10,17,43
927,1041,1002
1924,1903,1901
1170,1281,1213
1901,1903,1925
1195,1098,1078
1281,1170,1084
93,179,131
616,758,728
1739,1728,1700
364,290,322
863,801,813
1739,1831,1728
1926,1889,1919
1866,1891,1877
1346,1289,1265
1722,1766,1703
1703,1730,1768
1178,1322,1218
1009,976,1017
1730,1596,1598
1119,1076,1101
1119,1165,1132
1368,1333,1094
901,874,954
968,954,874
326,271,356
281,241,191
96,48,65
1794,1789,1784
1829,1849,1784
106,137,90
84,90,137
888,958,946
90,51,26
424,302,381
820,786,932
52,32,15
663,544,425
1875,1906,1863
32,30,15
1402,1418,1379
1180,1153,1258
1593,1447,1608
1875,1912,1924
1379,1233,1258
43,17,22
1555,1447,1546
1593,1546,1447
1078,1002,1041
1912,1903,1924
17,10,93
1078,973,1195
1645,1692,1605
758,830,728
1276,1412,1436
863,776,830
1700,1728,1692
1564,1583,1605
1925,1891,1889
1281,1245,1260
1245,1289,1260
1877,1831,1739
1564,1653,1609
1891,1882,1877
1882,1831,1877
1289,1346,1361
852,937,914
1178,1361,1302
1278,1279,1187
937,976,914
1009,1036,1088
1242,1202,1323
1326,1323,1363
1036,1076,1242
1119,1242,1076
1165,1119,1101
901,816,874
1368,1380,1505
432,498,415
498,356,415
1733,1752,1794
153,65,196
1829,1784,1789
100,39,48
49,42,83
42,26,7
137,185,84
90,84,51
729,932,786
663,425,485
52,15,20
786,751,729
425,458,485
927,988,979
1912,1875,1863
751,544,663
22,8,43
1258,1233,1180
1041,927,979
1379,1555,1434
47,17,93
93,131,47
506,616,584
506,444,616
728,584,616
1281,1234,1213
1276,1098,1195
1645,1605,1546
426,444,487
1134,1281,1260
1925,1903,1897
1925,1897,1891
364,262,290
1646,1653,1728
1728,1702,1646
1289,1181,1260
1778,1722,1702
1289,1278,1181
1766,1782,1703
1782,1792,1703
975,976,1033
976,1009,1033
1690,1579,1730
1088,1033,1009
1730,1579,1596
1579,1551,1596
1596,1551,1471
1036,1242,1179
1323,1179,1242
1326,1363,1471
1368,1094,1253
816,901,736
1505,1380,1504
1504,1696,1542
683,646,735
281,191,271
1696,1733,1685
65,209,196
42,49,39
1857,1849,1854
20,7,26
470,424,558
1854,1885,1857
51,20,26
51,52,20
485,694,663
957,1080,1140
1153,1140,1080
663,729,751
1153,1180,1193
1912,1863,1893
371,458,295
1434,1233,1379
1078,1041,973
952,1170,1050
1546,1605,1555
830,776,728
1170,952,1084
1134,1234,1281
1583,1493,1605
131,179,240
344,426,487
1260,1114,1134
1516,1436,1495
1583,1516,1493
426,344,364
1084,1114,1260
1084,952,1115
1114,1084,1115
1766,1722,1778
1361,1278,1289
1361,1279,1278
1361,1178,1279
975,914,976
1279,1178,1187
1703,1792,1730
1088,1036,1179
1326,1179,1323
1471,1409,1326
1368,1253,1380
432,631,498
498,631,564
564,631,646
683,735,736
419,356,271
646,645,735
1696,1752,1733
1752,1789,1794
110,65,48
196,209,233
112,110,48
7,83,42
49,83,82
694,835,729
694,729,663
1109,1180,979
22,11,8
979,1014,1041
1180,1014,979
47,72,17
1195,1233,1434
1605,1493,1555
487,444,506
728,776,548
548,776,764
863,790,776
344,375,364
1605,1653,1564
240,290,262
1728,1605,1692
935,1115,952
658,764,759
801,840,813
1890,1882,1891
1766,1778,1782
852,914,840
1129,1033,1088
1792,1690,1730
1579,1503,1551
1503,1471,1551
1471,1503,1409
1137,1094,968
419,271,355
271,264,355
191,264,271
415,356,419
1829,1870,1849
48,39,49
112,48,82
49,82,48
7,45,83
724,769,694
438,558,724
724,694,438
485,438,694
20,15,13
1153,1193,1140
988,932,979
8,9,30
11,9,8
295,319,371
1193,1180,1123
1903,1912,1920
1555,1449,1434
1195,973,1233
1434,1449,1316
144,131,240
1276,1195,1316
1493,1449,1555
1276,1449,1412
364,343,262
364,375,343
506,520,487
548,584,728
790,764,776
790,863,813
1412,1437,1436
548,764,658
1493,1516,1495
1605,1728,1652
520,548,489
952,974,935
548,658,489
1897,1890,1891
1831,1882,1865
935,813,840
1728,1778,1702
606,658,759
840,989,935
1114,1115,1103
975,1033,1121
1179,1186,1088
1690,1710,1579
874,969,968
1062,968,969
968,1062,1137
874,816,969
1586,1696,1504
736,795,803
736,735,795
419,399,415
191,210,264
631,645,646
1814,1829,1789
1814,1848,1829
799,769,724
799,907,769
438,470,558
1854,1886,1885
424,470,302
485,371,438
907,932,729
1863,1886,1893
470,319,302
302,319,295
932,1109,979
485,458,371
17,72,22
131,144,47
1014,1233,973
1003,973,1041
1434,1316,1195
1252,1170,1213
941,952,1050
1280,1213,1234
1449,1276,1316
139,240,262
974,952,941
1469,1437,1412
764,790,759
1728,1653,1652
882,759,790
882,839,759
606,489,658
1115,935,989
1778,1728,1831
1115,989,1103
989,840,975
1765,1782,1778
914,975,840
1033,1129,1121
1129,1088,1186
1179,1185,1186
1222,1179,1326
1710,1539,1503
1579,1710,1503
1094,1204,1253
1137,1204,1094
1380,1253,1226
1380,1226,1506
1380,1506,1504
816,736,803
735,645,631
355,399,419
196,210,191
233,210,196
65,110,233
233,209,65
110,112,154
1829,1848,1870
1849,1870,1854
83,45,82
694,769,835
769,907,835
907,729,835
470,438,371
907,996,932
1912,1893,1920
9,11,22
22,72,9
1180,1233,1014
1252,1050,1170
1234,1134,1352
1605,1652,1653
488,344,487
935,974,813
1495,1532,1493
1103,1134,1114
1897,1914,1890
606,534,489
1831,1865,1778
759,687,606
534,476,429
606,535,534
1690,1747,1710
1747,1693,1710
1222,1185,1179
1253,1204,1226
1504,1506,1586
631,432,633
633,795,631
735,631,795
432,415,399
264,210,296
110,147,233
154,147,110
1757,1814,1789
112,82,41
45,41,82
907,799,946
1874,1886,1854
20,12,18
13,12,20
470,371,319
1256,1140,1193
1,12,13
15,1,13
30,1,15
1180,1109,1123
1193,1123,1315
150,72,47
1014,1003,1041
343,276,262
1469,1412,1449
1493,1469,1449
1469,1493,1495
488,487,520
790,813,882
974,882,813
1050,962,974
1436,1437,1495
489,534,429
1882,1890,1865
1103,989,975
534,535,476
1129,1130,1121
1129,1186,1130
1690,1792,1747
1409,1391,1326
816,940,969
969,940,1062
1022,1137,1062
296,325,379
379,433,296
1789,1752,1805
325,347,379
1789,1805,1757
41,154,112
45,7,58
1854,1870,1874
7,20,58
957,1102,946
20,18,58
59,58,18
1140,1274,957
1881,1893,1886
932,996,1109
1,30,9
1913,1920,1893
47,139,150
47,144,139
1003,1014,973
1920,1921,1903
139,144,240
941,1050,974
1921,1897,1903
548,520,584
375,344,488
1280,1234,1352
882,974,962
1162,1174,1050
1174,1352,1134
1174,962,1050
1134,1103,1174
1914,1897,1918
1765,1778,1835
839,702,759
1778,1865,1835
687,759,702
491,429,476
1792,1802,1781
1782,1802,1792
1326,1391,1222
1503,1408,1409
1137,1022,1122
1204,1137,1122
875,816,803
399,513,432
513,633,432
264,296,355
1752,1696,1683
478,386,433
296,210,325
433,379,347
1102,996,946
996,907,946
957,1274,1102
1193,1315,1432
276,343,324
1897,1921,1918
1469,1495,1437
1174,1089,962
1103,1091,1089
1103,975,1091
1765,1802,1782
975,1121,1091
606,640,535
1409,1408,1391
1710,1693,1622
1503,1539,1408
1622,1539,1710
940,816,875
795,633,634
567,634,525
1743,1752,1683
325,210,272
296,433,386
233,147,210
154,213,147
213,154,133
1848,1841,1870
1874,1870,1841
18,19,59
1881,1886,1874
996,1102,1274
1256,1343,1344
1193,1432,1256
150,77,72
584,520,506
139,262,276
375,324,343
1252,1162,1050
1280,1352,1293
1174,1162,1277
1493,1532,1495
1174,1277,1352
1103,1089,1174
839,882,936
1765,1750,1802
1121,1130,1135
1792,1781,1747
1391,1185,1222
940,1022,1062
399,501,513
634,513,525
1696,1586,1683
386,355,296
433,477,478
325,272,243
1752,1743,1805
1724,1805,1771
1757,1805,1772
1814,1757,1772
1772,1805,1724
1772,1848,1814
154,41,133
133,41,78
41,45,50
50,59,107
58,50,45
50,58,59
18,12,19
40,86,1
1,9,40
1256,1432,1343
1893,1881,1913
1899,1913,1908
1920,1913,1899
375,488,324
1352,1277,1293
489,410,520
429,410,489
1089,990,962
962,936,882
1914,1860,1890
1860,1865,1890
1750,1767,1802
640,606,687
640,687,670
491,476,535
875,803,866
940,977,1022
513,634,633
355,501,399
1683,1586,1558
501,355,386
501,386,477
478,477,386
433,334,477
210,147,272
347,334,433
325,243,347
1772,1724,1759
1848,1772,1841
59,19,60
59,60,114
1140,1256,1274
1256,1344,1274
12,1,19
996,1201,1109
1201,996,1274
40,9,77
9,72,77
1061,1123,1109
1315,1123,1275
1921,1920,1899
1213,1293,1252
1213,1280,1293
1162,1293,1277
1865,1860,1835
1091,990,1089
549,535,640
1121,1135,1091
1130,1186,1184
1711,1747,1781
1711,1693,1747
1618,1622,1693
1618,1693,1711
1391,1408,1351
1408,1472,1351
1204,1122,1226
1586,1506,1558
749,866,795
803,795,866
513,501,525
749,795,634
977,1037,1022
477,334,314
181,272,147
272,181,243
283,243,181
283,347,243
181,201,234
234,201,213
1759,1724,1771
41,50,78
78,135,133
1772,1759,1760
135,78,50
1874,1851,1881
1,86,19
1315,1448,1432
150,129,77
1061,1106,1123
1275,1411,1315
1315,1411,1448
276,146,139
1275,1123,1106
1894,1921,1899
473,408,510
1252,1293,1162
488,408,324
488,410,408
520,410,488
990,936,962
429,491,474
1835,1750,1765
990,1091,1116
491,549,512
549,491,535
702,644,687
670,549,640
670,687,644
602,670,644
1186,1185,1184
977,940,875
749,634,527
501,527,525
634,567,527
1671,1743,1683
283,314,334
283,181,314
181,147,213
213,201,181
1772,1760,1841
136,135,50
1759,1786,1760
59,114,107
60,173,114
19,86,60
60,86,103
1344,1201,1274
1343,1432,1344
1883,1913,1881
1913,1883,1908
1212,1109,1201
1061,1109,1212
150,139,146
473,509,408
512,549,563
777,839,936
1835,1779,1750
839,644,702
1091,1135,1116
670,511,549
670,602,511
1185,1391,1307
1622,1618,1539
1226,1335,1506
525,527,567
277,314,181
1770,1805,1743
334,347,283
213,182,234
50,107,136
1874,1841,1851
222,273,217
1881,1851,1868
1883,1881,1868
173,60,103
86,104,103
86,40,37
104,86,37
40,77,37
1344,1212,1201
1908,1869,1899
129,150,146
1275,1106,1127
408,374,363
1876,1921,1894
408,363,324
473,510,509
1921,1876,1918
410,429,474
1864,1914,1918
474,491,512
1779,1835,1801
1767,1713,1802
1130,1184,1158
1185,1158,1184
1391,1351,1307
1408,1539,1472
1226,1166,1335
1122,1022,1023
796,866,749
1506,1507,1558
1022,1037,1023
477,314,349
1683,1558,1671
502,501,477
617,568,721
1671,1628,1743
133,182,213
182,181,234
1771,1796,1759
1759,1796,1786
1786,1841,1760
273,197,217
197,114,217
105,104,37
1344,1432,1448
1448,1212,1344
1448,1411,1212
1908,1883,1844
1894,1899,1869
1061,1127,1106
363,276,324
408,410,510
1918,1876,1864
872,936,990
1117,872,990
1914,1864,1860
990,1116,1117
1117,1116,1237
777,644,839
1767,1750,1729
1661,1781,1802
1130,1158,1155
1781,1741,1711
1711,1607,1618
1037,977,875
1506,1335,1507
1226,1122,1166
1122,1207,1166
749,527,721
315,349,314
277,315,314
477,349,502
277,181,228
1805,1770,1771
133,134,148
167,136,107
114,167,107
114,197,167
1807,1851,1841
1411,1275,1212
129,146,198
1127,1061,1212
408,509,374
146,276,232
333,276,363
474,384,410
872,870,936
870,777,936
512,475,474
1779,1658,1750
475,512,511
549,511,512
619,644,632
619,602,644
1661,1802,1713
1185,1307,1158
875,866,876
875,876,1037
1023,1207,1122
749,721,796
1188,1269,1207
502,349,451
1743,1628,1770
133,148,182
260,261,369
261,423,369
135,134,133
167,134,136
134,167,197
1786,1807,1841
1807,1868,1851
37,108,105
1908,1844,1869
77,129,108
509,460,374
643,509,573
363,374,333
573,509,510
1846,1835,1860
1864,1846,1860
474,475,393
1750,1658,1729
512,563,549
1116,1135,1104
1767,1729,1713
1135,1130,1104
511,602,508
602,620,508
620,602,619
779,866,796
1337,1335,1166
1166,1207,1269
527,501,514
721,527,514
514,617,721
277,285,315
277,250,285
617,522,568
228,250,277
502,451,522
228,181,182
134,135,136
1786,1796,1807
245,229,273
245,222,174
245,273,222
173,217,114
103,104,122
37,77,108
198,146,232
1275,1127,1212
460,509,643
384,573,510
510,410,384
384,474,393
1801,1835,1846
644,777,632
1741,1781,1661
1219,1158,1307
1711,1741,1607
1539,1618,1472
866,779,876
796,721,717
1558,1507,1588
1507,1337,1461
501,502,514
1207,1064,1188
1507,1461,1543
514,522,617
717,721,568
315,285,369
423,261,346
217,173,222
173,103,122
104,105,76
180,156,178
1844,1883,1823
656,643,573
129,198,108
460,578,517
232,276,333
1894,1840,1876
1876,1846,1864
1658,1779,1709
1116,1104,1237
1290,1149,1104
1130,1290,1104
1158,1219,1155
1483,1472,1618
1269,1337,1166
1461,1337,1329
514,502,522
1558,1588,1671
1588,1507,1543
315,482,349
1624,1660,1575
1624,1684,1660
1796,1771,1715
273,229,197
1796,1790,1807
173,161,160
173,122,161
161,122,162
122,104,76
950,873,918
180,177,156
643,656,610
578,460,643
517,374,460
1825,1894,1869
1840,1894,1825
393,536,384
1801,1709,1779
870,871,777
1117,1148,872
1635,1658,1565
1237,1148,1117
1658,1635,1729
731,632,777
1104,1149,1237
492,475,511
1290,1130,1155
1713,1648,1661
1607,1741,1520
1351,1472,1483
1607,1483,1618
876,841,1037
1023,1037,1024
1335,1337,1507
1207,1023,1064
1543,1671,1588
1543,1461,1417
369,482,315
522,451,568
285,250,228
1770,1575,1660
182,148,228
1771,1770,1660
260,369,294
1575,1684,1624
261,260,172
134,197,172
346,261,340
197,229,172
1715,1790,1796
1807,1762,1868
959,950,970
959,873,950
122,76,162
970,950,918
1823,1883,1868
578,610,642
781,610,656
781,656,725
1844,1825,1869
198,156,108
156,198,157
157,198,232
517,320,374
573,668,656
1756,1840,1825
1840,1846,1876
595,536,599
1727,1709,1801
475,462,393
777,871,731
475,492,462
1237,1221,1148
632,620,619
1320,1237,1149
1648,1741,1661
876,779,841
1024,982,1023
796,717,739
1024,1037,841
1269,1329,1337
349,482,451
678,739,717
1064,1105,1188
1543,1628,1671
733,739,678
733,784,739
1543,1417,1501
483,568,451
1575,1543,1501
1188,1105,1093
541,568,483
541,607,568
228,294,285
285,294,369
733,704,784
1456,1575,1501
1715,1771,1660
484,423,454
172,229,340
454,423,346
340,229,245
1807,1790,1762
173,174,222
161,162,160
959,918,873
180,215,177
178,156,157
105,108,76
76,108,156
571,578,642
578,643,610
578,571,517
725,656,668
232,237,157
237,232,333
333,374,320
518,573,384
518,536,595
1840,1756,1846
1846,1727,1801
536,441,599
462,441,393
393,441,536
1148,870,872
1709,1565,1658
632,719,620
719,632,731
1320,1221,1237
1263,1221,1320
1729,1635,1655
492,508,620
1729,1655,1713
492,511,508
1520,1741,1648
1483,1607,1520
1307,1351,1350
1350,1351,1483
739,779,796
1188,1169,1269
1283,1329,1269
817,1024,841
717,568,607
1575,1628,1543
784,818,739
1575,1770,1628
1575,1456,1640
482,369,484
423,484,369
556,541,516
148,134,172
261,172,340
173,160,174
215,178,274
177,162,156
180,178,215
162,76,156
781,642,610
517,571,471
1824,1825,1844
573,546,668
573,518,546
384,536,518
518,595,546
613,546,595
599,613,595
1756,1727,1846
601,620,719
1565,1585,1635
1655,1635,1585
1550,1520,1648
1219,1307,1350
1024,955,982
817,779,739
841,779,817
717,607,678
1064,1021,1105
817,739,818
1188,1093,1169
1417,1461,1329
1254,1312,1093
1417,1456,1501
1640,1684,1575
784,704,818
228,148,294
541,483,516
1660,1684,1694
1694,1715,1660
516,484,454
523,504,591
390,380,376
543,591,504
1790,1745,1762
380,457,376
245,255,329
1664,1823,1868
354,274,331
471,354,405
1823,1824,1844
405,517,471
157,274,178
237,274,157
725,668,711
1709,1689,1565
1565,1548,1566
1565,1566,1585
620,601,492
1713,1655,1648
1550,1648,1637
1483,1520,1350
982,1064,1023
1064,982,1021
845,1024,817
1364,1329,1283
1169,1093,1312
1285,1312,1254
451,482,483
483,482,484
1065,1254,1093
556,607,541
294,172,260
294,148,172
516,483,484
516,454,556
1790,1715,1694
340,245,341
341,245,329
1664,1762,1745
160,162,175
970,987,959
959,987,918
175,215,225
1762,1664,1868
918,987,933
1664,1824,1823
162,177,175
405,354,331
642,781,629
405,320,517
320,237,333
1748,1756,1825
547,613,441
599,441,613
963,871,870
1689,1547,1565
1148,963,870
1547,1548,1565
1148,1221,963
1390,1566,1427
1427,1566,1548
1199,1290,1321
1290,1199,1149
1155,1219,1304
1219,1350,1377
982,955,1021
1364,1283,1312
818,742,817
742,845,817
678,607,733
1355,1364,1312
1364,1417,1329
818,704,742
1312,1285,1355
1640,1456,1490
978,1065,985
915,905,985
985,905,978
1065,978,956
340,341,346
978,905,956
346,341,390
454,390,523
346,390,454
174,255,245
504,446,543
376,457,390
918,933,970
268,274,354
268,354,471
215,175,177
629,781,725
274,237,320
725,711,629
405,331,320
1824,1748,1825
668,660,711
668,546,660
1578,1709,1727
719,598,601
462,492,490
1221,1032,963
1263,1236,1221
1427,1453,1390
1149,1199,1320
1453,1199,1321
1390,1453,1321
1648,1655,1585
1585,1637,1648
1290,1155,1321
1155,1304,1321
1304,1219,1377
1519,1377,1550
1377,1520,1550
1520,1377,1350
1269,1169,1312
1283,1269,1312
1105,1065,1093
1254,1355,1285
858,753,905
858,905,915
1684,1640,1641
1641,1694,1684
556,454,553
905,753,834
1065,956,992
956,905,834
1790,1694,1590
523,390,446
504,523,446
1590,1745,1790
160,175,174
225,174,175
446,390,457
486,446,457
591,543,446
987,897,909
970,933,987
391,486,457
1664,1718,1824
215,274,268
486,391,471
755,762,655
571,642,629
274,320,331
1687,1688,1748
1748,1688,1756
1756,1688,1727
1709,1578,1689
441,462,490
490,492,601
1453,1263,1320
1199,1453,1320
1566,1534,1585
1566,1390,1534
1321,1304,1390
1456,1417,1441
1105,985,1065
1456,1441,1444
704,662,742
1641,1640,1490
607,556,553
662,704,733
1456,1444,1490
553,454,523
1641,1589,1694
174,225,255
255,215,268
987,909,933
471,495,486
571,495,471
1718,1614,1824
1687,1614,1615
1561,1615,1486
1614,1687,1748
1614,1748,1824
1688,1604,1727
1727,1604,1578
547,441,490
598,574,490
1578,1536,1689
598,490,601
719,815,598
1548,1453,1427
719,731,815
883,731,871
1585,1534,1637
1024,845,955
1021,955,1105
1355,1441,1364
1364,1441,1417
1229,1254,1065
1254,1229,1355
858,742,753
675,607,553
956,834,992
1641,1490,1589
390,341,380
1589,1590,1694
329,380,341
591,446,523
1745,1590,1664
380,391,457
486,505,446
255,225,215
1718,1664,1603
471,391,268
1615,1614,1486
711,605,629
711,660,605
660,546,519
546,613,519
547,519,613
1577,1578,1604
574,598,626
598,783,714
1689,1536,1547
598,815,783
1547,1536,1548
1263,1453,1548
1236,1032,1221
1390,1304,1637
1519,1637,1304
1519,1304,1377
955,1012,1105
1105,1012,985
1012,915,985
607,675,733
742,662,753
662,733,675
1480,1590,1589
505,493,523
523,446,505
987,947,995
380,329,391
1664,1590,1603
329,255,268
486,495,505
762,703,538
391,329,268
1718,1603,1614
1615,1604,1687
1687,1604,1688
574,547,490
1375,1216,1263
1263,1548,1375
963,883,871
1236,1263,1216
731,883,815
1637,1534,1390
1637,1519,1550
845,1012,955
1012,845,742
1190,1229,1065
858,915,742
1490,1480,1589
553,523,493
1480,1464,1590
987,995,947
947,897,987
947,987,933
1603,1590,1576
538,531,762
755,774,762
762,531,629
1603,1486,1614
531,495,571
629,531,571
1561,1486,1502
1561,1577,1615
623,660,519
1561,1374,1577
1374,1536,1577
1578,1577,1536
626,598,714
1548,1515,1375
1536,1515,1548
742,915,1012
675,553,493
662,675,661
834,808,945
1444,1441,1480
1444,1480,1490
1463,1381,1231
1463,1464,1480
1576,1590,1464
897,947,909
538,505,531
538,703,652
774,755,855
909,891,933
703,762,774
1603,1576,1486
755,655,710
762,629,655
1426,1502,1486
605,660,623
1561,1502,1374
1615,1577,1604
963,806,815
1046,1032,1216
1216,1032,1236
963,815,883
1190,1065,1025
992,1025,1065
1229,1272,1355
1034,1025,992
1355,1272,1441
662,794,753
834,753,794
834,794,808
917,1034,992
754,794,662
917,834,945
661,675,542
1381,1480,1441
493,542,675
859,808,804
493,505,542
1480,1381,1463
542,505,652
652,505,538
859,909,947
1425,1576,1464
891,947,933
531,505,495
892,891,855
855,755,836
836,892,855
1419,1425,1366
605,655,629
623,771,710
710,771,788
623,718,771
519,547,626
626,547,574
1374,1515,1536
806,783,815
1025,1159,1190
1034,1159,1025
1190,1159,1229
834,917,992
1272,1191,1231
1441,1272,1381
794,754,808
804,808,754
1034,917,986
859,945,808
661,592,662
662,592,754
1255,1231,1053
1464,1463,1425
947,945,859
1463,1232,1425
761,652,703
909,859,821
909,821,855
891,909,855
1576,1425,1486
761,703,774
1425,1419,1486
755,710,836
1111,1419,1366
1419,1426,1486
1374,1294,1515
1375,1214,1216
1214,1375,1294
1032,1046,879
1515,1294,1375
783,806,814
1032,806,963
1159,1191,1229
1229,1191,1272
986,1159,1034
1272,1231,1381
1191,1053,1231
661,542,592
754,592,761
945,947,986
1027,986,947
1255,1463,1231
542,652,592
1053,1027,1255
592,652,761
821,804,761
1255,1232,1463
859,804,821
1255,1027,1081
1425,1232,1366
821,774,855
1111,1366,1332
655,623,710
771,718,788
519,626,623
1214,1172,1051
1214,1286,1172
783,814,714
879,806,1032
1191,1159,986
1191,986,1053
804,754,761
947,971,1027
891,971,947
761,774,821
1044,1111,1332
1111,1426,1419
655,605,623
836,710,788
1039,1015,1044
878,1015,1039
912,1015,878
1502,1426,1374
1426,1286,1374
1286,1126,1172
825,878,788
714,718,626
1374,1286,1294
1294,1286,1214
879,1046,1051
879,814,806
917,945,986
1053,986,1027
1232,1255,1081
1232,1081,1332
919,891,892
1332,1081,1035
1366,1232,1332
836,837,892
878,837,788
1426,1111,1286
1111,1126,1286
1044,1015,1126
623,626,718
788,718,825
1015,912,1051
714,825,718
1051,912,1073
825,714,814
1051,1073,879
1214,1051,1046
1214,1046,1216
1027,971,1081
971,1035,1081
1035,971,891
919,1035,891
1035,919,1039
1035,1044,1332
1044,1035,1039
892,837,919
836,788,837
1126,1111,1044
878,1039,837
1172,1015,1051
1073,912,879
919,837,1039
878,825,912
1126,1015,1172
912,825,814
912,814,879
