1013,1011,962
1013,962,1015
1015,962,948
1015,948,1017
1017,948,964
1017,964,1019
1119,1117,1070
1119,1070,1121
1121,1070,1011
1121,1011,1013
1013,1015,1121
1121,1015,1123
1015,1017,1123
1123,1017,1125
1017,1019,1125
1125,1019,1072
1125,1072,1127
1127,1072,1129
1119,1219,1117
1117,1219,1217
1119,1121,1219
1219,1121,1221
1121,1123,1221
1221,1123,1223
1123,1125,1223
1223,1125,1225
1125,1127,1225
1225,1127,1227
1127,1129,1227
1227,1129,1229
1317,1315,1270
1317,1270,1319
1319,1270,1217
1319,1217,1219
1219,1221,1319
1319,1221,1321
1221,1223,1321
1321,1223,1323
1223,1225,1323
1323,1225,1325
1225,1227,1325
1325,1227,1327
1227,1229,1327
1327,1229,1272
1327,1272,1329
1329,1272,1331
1317,1409,1315
1315,1409,1407
1317,1319,1409
1409,1319,1411
1319,1321,1411
1411,1321,1413
1321,1323,1413
1413,1323,1415
1323,1325,1415
1415,1325,1417
1325,1327,1417
1417,1327,1419
1327,1329,1419
1419,1329,1421
1329,1331,1421
1421,1331,1423
1409,1505,1407
1407,1505,1503
1409,1411,1505
1505,1411,1507
1411,1413,1507
1507,1413,1509
1413,1415,1509
1509,1415,1511
1415,1417,1511
1511,1417,1513
1417,1419,1513
1513,1419,1515
1419,1421,1515
1515,1421,1517
1421,1423,1517
1517,1423,1519
1505,1601,1503
1503,1601,1599
1505,1507,1601
1601,1507,1603
1507,1509,1603
1603,1509,1605
1509,1511,1605
1605,1511,1607
1511,1513,1607
1607,1513,1609
1513,1515,1609
1609,1515,1611
1515,1517,1611
1611,1517,1613
1517,1519,1613
1613,1519,1615
1601,1697,1599
1599,1697,1695
1601,1603,1697
1697,1603,1699
1603,1605,1699
1699,1605,1701
1703,1701,1605
1703,1605,1607
1703,1607,1609
1703,1609,1705
1609,1611,1705
1705,1611,1707
1611,1613,1707
1707,1613,1709
1613,1615,1709
1709,1615,1711
1697,1793,1695
1695,1793,1791
1697,1699,1793
1793,1699,1795
1699,1701,1795
1795,1701,1797
1701,1703,1799
1701,1799,1797
1799,1703,1705
1799,1705,1801
1705,1707,1801
1801,1707,1803
1707,1709,1803
1803,1709,1805
1709,1711,1805
1805,1711,1807
1793,1889,1791
1791,1889,1887
1793,1795,1889
1889,1795,1891
1795,1797,1891
1891,1797,1893
1797,1799,1893
1893,1799,1895
1799,1801,1895
1895,1801,1897
1801,1803,1897
1897,1803,1899
1803,1805,1899
1899,1805,1901
1805,1807,1901
1901,1807,1903
1889,1985,1887
1887,1985,1983
1889,1891,1985
1985,1891,1987
1891,1893,1987
1987,1893,1989
1893,1895,1989
1989,1895,1991
1895,1897,1991
1991,1897,1993
1897,1899,1993
1993,1899,1995
1899,1901,1995
1995,1901,1997
1901,1903,1997
1997,1903,1999
1985,2077,1983
1983,2077,2075
1985,1987,2077
2077,1987,2079
1987,1989,2079
2079,1989,2081
1989,1991,2081
2081,1991,2083
1991,1993,2083
2083,1993,2085
1993,1995,2085
2085,1995,2087
1995,1997,2087
2087,1997,2089
1997,1999,2089
2089,1999,2091
2077,2134,2075
2077,2079,2134
2134,2079,2179
2134,2179,2177
2079,2081,2179
2179,2081,2181
2081,2083,2181
2181,2083,2183
2083,2085,2183
2183,2085,2185
2085,2087,2185
2185,2087,2187
2087,2089,2187
2187,2089,2136
2187,2136,2189
2089,2091,2136
2179,2279,2177
2177,2279,2277
2179,2181,2279
2279,2181,2281
2181,2183,2281
2281,2183,2283
2183,2185,2283
2283,2185,2285
2185,2187,2285
2285,2187,2287
2187,2189,2287
2287,2189,2289
2279,2334,2277
2279,2281,2334
2334,2281,2389
2334,2389,2387
2281,2283,2389
2389,2283,2391
2283,2285,2391
2391,2285,2393
2285,2287,2393
2393,2287,2336
2393,2336,2395
2287,2289,2336
2389,2442,2387
2389,2391,2442
2442,2391,2458
2391,2393,2458
2458,2393,2444
2393,2395,2444
685,683,642
685,642,687
687,642,636
687,636,689
689,636,644
689,644,691
783,781,738
783,738,785
785,738,683
785,683,685
685,687,785
785,687,787
687,689,787
787,689,789
689,691,789
789,691,740
789,740,791
791,740,793
881,879,842
881,842,883
883,842,781
883,781,783
783,785,883
883,785,885
785,787,885
885,787,887
787,789,887
887,789,889
789,791,889
889,791,891
791,793,891
891,793,844
891,844,893
893,844,895
881,1007,879
879,1007,1005
881,883,1007
1007,883,1009
1011,1009,962
962,1009,883
962,883,885
962,885,948
948,885,887
948,887,964
964,887,889
964,889,1019
1019,889,891
1019,891,1021
891,893,1021
1021,893,1023
893,895,1023
1023,895,1025
1113,1111,1074
1113,1074,1115
1115,1074,1005
1115,1005,1007
1117,1115,1070
1070,1115,1007
1070,1007,1009
1070,1009,1011
1019,1021,1072
1072,1021,1129
1129,1021,1023
1129,1023,1131
1023,1025,1131
1131,1025,1076
1131,1076,1133
1133,1076,1135
1113,1213,1111
1111,1213,1211
1113,1115,1213
1213,1115,1215
1217,1215,1117
1117,1215,1115
1229,1129,1231
1231,1129,1131
1131,1133,1231
1231,1133,1233
1133,1135,1233
1233,1135,1235
1213,1313,1211
1211,1313,1311
1315,1313,1270
1270,1313,1213
1270,1213,1215
1270,1215,1217
1229,1231,1272
1272,1231,1331
1331,1231,1233
1331,1233,1333
1233,1235,1333
1333,1235,1335
1313,1405,1311
1311,1405,1403
1407,1405,1315
1315,1405,1313
1423,1331,1425
1425,1331,1333
1333,1335,1425
1425,1335,1427
1499,1497,1462
1499,1462,1501
1501,1462,1403
1501,1403,1405
1503,1501,1407
1407,1501,1405
1519,1423,1521
1521,1423,1425
1425,1427,1521
1521,1427,1464
1521,1464,1523
1523,1464,1525
1499,1595,1497
1497,1595,1593
1499,1501,1595
1595,1501,1597
1599,1597,1503
1503,1597,1501
1615,1519,1617
1617,1519,1521
1521,1523,1617
1617,1523,1619
1523,1525,1619
1619,1525,1621
1595,1691,1593
1593,1691,1689
1595,1597,1691
1691,1597,1693
1695,1693,1599
1599,1693,1597
1711,1615,1713
1713,1615,1617
1617,1619,1713
1713,1619,1715
1619,1621,1715
1715,1621,1717
1691,1787,1689
1689,1787,1785
1691,1693,1787
1787,1693,1789
1791,1789,1695
1695,1789,1693
1807,1711,1809
1809,1711,1713
1713,1715,1809
1809,1715,1811
1715,1717,1811
1811,1717,1813
1787,1883,1785
1785,1883,1881
1787,1789,1883
1883,1789,1885
1887,1885,1791
1791,1885,1789
1903,1807,1905
1905,1807,1809
1809,1811,1905
1905,1811,1907
1811,1813,1907
1907,1813,1909
1883,1942,1881
1883,1885,1942
1942,1885,1981
1942,1981,1979
1983,1981,1887
1887,1981,1885
1999,1903,2001
2001,1903,1905
1905,1907,2001
2001,1907,1944
2001,1944,2003
1907,1909,1944
1981,2073,1979
1979,2073,2071
2075,2073,1983
1983,2073,1981
2091,1999,2093
2093,1999,2001
2001,2003,2093
2093,2003,2095
2073,2173,2071
2071,2173,2171
2075,2134,2073
2073,2134,2175
2073,2175,2173
2134,2177,2175
2189,2136,2191
2136,2091,2191
2191,2091,2093
2191,2093,2193
2093,2095,2193
2193,2095,2195
2173,2273,2171
2171,2273,2271
2173,2175,2273
2273,2175,2275
2277,2275,2177
2177,2275,2175
2289,2189,2291
2291,2189,2191
2191,2193,2291
2291,2193,2293
2193,2195,2293
2293,2195,2295
2273,2330,2271
2273,2275,2330
2330,2275,2383
2330,2383,2381
2277,2334,2275
2275,2334,2385
2275,2385,2383
2334,2387,2385
2395,2336,2397
2336,2289,2397
2397,2289,2291
2397,2291,2399
2291,2293,2399
2399,2293,2332
2399,2332,2401
2293,2295,2332
2383,2513,2381
2381,2513,2511
2383,2385,2513
2513,2385,2515
2387,2442,2385
2385,2442,2517
2385,2517,2515
2442,2458,2517
2517,2458,2519
2458,2444,2519
2519,2444,2521
2444,2395,2521
2521,2395,2397
2521,2397,2523
2397,2399,2523
2523,2399,2525
2399,2401,2525
2525,2401,2527
2513,2562,2511
2513,2515,2562
2562,2515,2615
2562,2615,2613
2515,2517,2615
2615,2517,2617
2517,2519,2617
2617,2519,2619
2519,2521,2619
2619,2521,2621
2521,2523,2621
2621,2523,2623
2523,2525,2623
2623,2525,2564
2623,2564,2625
2525,2527,2564
2615,2666,2613
2615,2617,2666
2666,2617,2717
2666,2717,2715
2617,2619,2717
2717,2619,2719
2619,2621,2719
2719,2621,2721
2621,2623,2721
2721,2623,2668
2721,2668,2723
2623,2625,2668
2717,2762,2715
2717,2719,2762
2762,2719,2770
2719,2721,2770
2770,2721,2764
2721,2723,2764
459,457,420
459,420,461
555,553,518
555,518,557
557,518,498
557,498,559
559,498,457
559,457,459
459,461,559
559,461,500
559,500,561
561,500,563
563,500,520
563,520,565
679,677,628
679,628,681
681,628,553
681,553,555
683,681,642
642,681,555
642,555,557
642,557,636
636,557,559
636,559,644
644,559,561
644,561,691
691,561,563
691,563,693
563,565,693
693,565,630
693,630,695
695,630,697
679,779,677
677,779,777
781,779,738
738,779,679
738,679,681
738,681,683
691,693,740
740,693,793
793,693,695
793,695,795
695,697,795
795,697,797
877,875,830
879,877,842
842,877,830
842,830,779
779,830,777
842,779,781
793,795,844
844,795,895
895,795,797
895,797,897
897,797,832
897,832,899
877,1003,875
875,1003,1001
1005,1003,879
879,1003,877
1025,895,1027
1027,895,897
897,899,1027
1027,899,1029
1109,1107,1062
1111,1109,1074
1074,1109,1062
1074,1062,1003
1003,1062,1001
1074,1003,1005
1025,1027,1076
1076,1027,1135
1135,1027,1029
1135,1029,1137
1137,1029,1064
1137,1064,1139
1109,1209,1107
1107,1209,1207
1211,1209,1111
1111,1209,1109
1235,1135,1237
1237,1135,1137
1137,1139,1237
1237,1139,1239
1209,1309,1207
1207,1309,1307
1311,1309,1211
1211,1309,1209
1335,1235,1337
1337,1235,1237
1237,1239,1337
1337,1239,1339
1309,1401,1307
1307,1401,1399
1403,1401,1311
1311,1401,1309
1427,1335,1429
1429,1335,1337
1337,1339,1429
1429,1339,1431
1497,1495,1462
1462,1495,1399
1462,1399,1401
1462,1401,1403
1427,1429,1464
1464,1429,1525
1525,1429,1431
1525,1431,1527
1593,1591,1497
1497,1591,1495
1621,1525,1623
1623,1525,1527
1687,1685,1654
1689,1687,1593
1593,1687,1654
1593,1654,1591
1717,1621,1719
1719,1621,1623
1719,1623,1656
1719,1656,1721
1687,1750,1685
1785,1783,1689
1689,1783,1750
1689,1750,1687
1813,1717,1815
1815,1717,1719
1815,1719,1752
1719,1721,1752
1881,1879,1785
1785,1879,1783
1909,1813,1911
1911,1813,1815
1881,1942,1879
1879,1942,1977
1879,1977,1975
1942,1979,1977
2003,1944,2005
1944,1909,2005
2005,1909,1911
2005,1911,2007
1977,2069,1975
1975,2069,2067
2071,2069,1979
1979,2069,1977
2095,2003,2097
2097,2003,2005
2005,2007,2097
2097,2007,2099
2069,2169,2067
2067,2169,2167
2171,2169,2071
2071,2169,2069
2195,2095,2197
2197,2095,2097
2097,2099,2197
2197,2099,2199
2169,2269,2167
2167,2269,2267
2271,2269,2171
2171,2269,2169
2295,2195,2297
2297,2195,2197
2197,2199,2297
2297,2199,2299
2269,2342,2267
2271,2330,2269
2269,2330,2379
2269,2379,2342
2342,2379,2377
2330,2381,2379
2401,2332,2403
2332,2295,2403
2403,2295,2297
2403,2297,2405
2405,2297,2344
2297,2299,2344
2379,2509,2377
2377,2509,2507
2511,2509,2381
2381,2509,2379
2527,2401,2529
2529,2401,2403
2403,2405,2529
2529,2405,2531
2509,2574,2507
2511,2562,2509
2509,2562,2611
2509,2611,2574
2574,2611,2609
2562,2613,2611
2625,2564,2627
2564,2527,2627
2627,2527,2529
2627,2529,2629
2629,2529,2576
2529,2531,2576
2611,2711,2609
2609,2711,2709
2613,2666,2611
2611,2666,2713
2611,2713,2711
2666,2715,2713
2723,2668,2725
2668,2625,2725
2725,2625,2627
2725,2627,2727
2627,2629,2727
2727,2629,2729
2711,2776,2709
2711,2713,2776
2776,2713,2843
2776,2843,2841
2715,2762,2713
2713,2762,2845
2713,2845,2843
2762,2770,2845
2845,2770,2847
2770,2764,2847
2847,2764,2849
2764,2723,2849
2849,2723,2725
2849,2725,2851
2725,2727,2851
2851,2727,2778
2851,2778,2853
2727,2729,2778
2843,2886,2841
2843,2845,2886
2886,2845,2906
2845,2847,2906
2906,2847,2947
2906,2947,2945
2847,2849,2947
2947,2849,2908
2947,2908,2949
2849,2851,2908
2908,2851,2888
2851,2853,2888
2947,2986,2945
2947,2949,2986
337,335,302
337,302,339
339,302,300
339,300,341
341,300,304
341,304,343
453,451,382
453,382,455
455,382,335
455,335,337
457,455,420
420,455,337
420,337,339
420,339,461
461,339,341
461,341,463
341,343,463
463,343,384
463,384,465
465,384,467
551,549,506
553,551,518
518,551,506
518,506,453
453,506,451
518,453,498
498,453,455
498,455,457
461,463,500
500,463,520
520,463,465
520,465,565
565,465,467
565,467,567
567,467,508
567,508,569
675,673,618
677,675,628
628,675,618
628,618,551
551,618,549
628,551,553
565,567,630
630,567,697
697,567,569
697,569,699
699,569,620
699,620,701
675,775,673
673,775,773
777,775,677
677,775,675
797,697,799
799,697,699
699,701,799
799,701,801
873,871,834
875,873,830
830,873,834
830,834,775
775,834,773
830,775,777
797,799,832
832,799,899
899,799,801
899,801,901
901,801,836
901,836,903
873,999,871
871,999,997
1001,999,875
875,999,873
1029,899,1031
1031,899,901
901,903,1031
1031,903,1033
1107,1105,1062
1062,1105,997
1062,997,999
1062,999,1001
1029,1031,1064
1064,1031,1139
1139,1031,1033
1139,1033,1141
1205,1203,1174
1207,1205,1107
1107,1205,1174
1107,1174,1105
1239,1139,1241
1241,1139,1141
1241,1141,1176
1241,1176,1243
1205,1305,1203
1203,1305,1303
1307,1305,1207
1207,1305,1205
1339,1239,1341
1341,1239,1241
1241,1243,1341
1341,1243,1343
1305,1397,1303
1303,1397,1395
1399,1397,1307
1307,1397,1305
1431,1339,1433
1433,1339,1341
1341,1343,1433
1433,1343,1435
1397,1493,1395
1395,1493,1491
1495,1493,1399
1399,1493,1397
1527,1431,1529
1529,1431,1433
1433,1435,1529
1529,1435,1531
1493,1589,1491
1491,1589,1587
1591,1589,1495
1495,1589,1493
1623,1527,1625
1625,1527,1529
1529,1531,1625
1625,1531,1627
1685,1683,1654
1654,1683,1587
1654,1587,1589
1654,1589,1591
1623,1625,1656
1656,1625,1721
1721,1625,1627
1721,1627,1723
1685,1750,1683
1683,1750,1781
1683,1781,1779
1750,1783,1781
1815,1752,1817
1752,1721,1817
1817,1721,1723
1817,1723,1819
1781,1877,1779
1779,1877,1875
1879,1877,1783
1783,1877,1781
1911,1815,1913
1913,1815,1817
1817,1819,1913
1913,1819,1915
1877,1973,1875
1875,1973,1971
1975,1973,1879
1879,1973,1877
2007,1911,2009
2009,1911,1913
1913,1915,2009
2009,1915,2011
1973,2065,1971
1971,2065,2063
2067,2065,1975
1975,2065,1973
2099,2007,2101
2101,2007,2009
2009,2011,2101
2101,2011,2103
2065,2165,2063
2063,2165,2163
2167,2165,2067
2067,2165,2065
2199,2099,2201
2201,2099,2101
2101,2103,2201
2201,2103,2203
2165,2230,2163
2267,2265,2167
2167,2265,2230
2167,2230,2165
2299,2199,2301
2301,2199,2201
2301,2201,2232
2201,2203,2232
2267,2342,2265
2265,2342,2375
2265,2375,2373
2342,2377,2375
2405,2344,2407
2344,2299,2407
2407,2299,2301
2407,2301,2409
2375,2505,2373
2373,2505,2503
2507,2505,2377
2377,2505,2375
2531,2405,2533
2533,2405,2407
2407,2409,2533
2533,2409,2535
2505,2570,2503
2507,2574,2505
2505,2574,2607
2505,2607,2570
2570,2607,2605
2574,2609,2607
2629,2576,2631
2576,2531,2631
2631,2531,2533
2631,2533,2633
2633,2533,2572
2533,2535,2572
2607,2707,2605
2605,2707,2705
2709,2707,2609
2609,2707,2607
2729,2629,2731
2731,2629,2631
2631,2633,2731
2731,2633,2733
2707,2786,2705
2709,2776,2707
2707,2776,2839
2707,2839,2786
2786,2839,2837
2776,2841,2839
2853,2778,2855
2778,2729,2855
2855,2729,2731
2855,2731,2857
2857,2731,2788
2731,2733,2788
2839,2898,2837
2841,2886,2839
2839,2886,2941
2839,2941,2898
2898,2941,2939
2886,2906,2941
2941,2906,2943
2906,2945,2943
2949,2908,2951
2908,2888,2951
2951,2888,2953
2888,2853,2953
2953,2853,2855
2953,2855,2955
2955,2855,2900
2855,2857,2900
2941,3022,2939
2941,2943,3022
3022,2943,3065
3022,3065,3063
2945,2986,2943
2943,2986,3067
2943,3067,3065
2986,2949,3067
3067,2949,2951
3067,2951,3069
2951,2953,3069
3069,2953,3024
3069,3024,3071
2953,2955,3024
3065,3102,3063
3065,3067,3102
3102,3067,3106
3067,3069,3106
3106,3069,3104
3069,3071,3104
219,217,188
219,188,221
333,331,284
335,333,302
302,333,284
302,284,250
302,250,300
300,250,217
300,217,219
300,219,304
304,219,221
304,221,252
304,252,343
343,252,286
343,286,345
345,286,347
449,447,378
451,449,382
382,449,378
382,378,333
333,378,331
382,333,335
343,345,384
384,345,467
467,345,347
467,347,469
469,347,380
469,380,471
547,545,510
549,547,506
506,547,510
506,510,449
449,510,447
506,449,451
467,469,508
508,469,569
569,469,471
569,471,571
571,471,512
571,512,573
673,671,618
618,671,545
618,545,547
618,547,549
569,571,620
620,571,701
701,571,573
701,573,703
771,769,730
773,771,673
673,771,730
673,730,671
801,701,803
803,701,703
803,703,732
803,732,805
871,869,834
834,869,769
834,769,771
834,771,773
801,803,836
836,803,903
903,803,805
903,805,905
995,993,958
997,995,871
871,995,958
871,958,869
1033,903,1035
1035,903,905
1035,905,960
1035,960,1037
995,1103,993
993,1103,1101
1105,1103,997
997,1103,995
1141,1033,1143
1143,1033,1035
1035,1037,1143
1143,1037,1145
1203,1201,1174
1174,1201,1101
1174,1101,1103
1174,1103,1105
1141,1143,1176
1176,1143,1243
1243,1143,1145
1243,1145,1245
1303,1301,1203
1203,1301,1201
1343,1243,1345
1345,1243,1245
1395,1393,1303
1303,1393,1301
1435,1343,1437
1437,1343,1345
1491,1489,1395
1395,1489,1393
1531,1435,1533
1533,1435,1437
1585,1583,1558
1587,1585,1491
1491,1585,1558
1491,1558,1489
1627,1531,1629
1629,1531,1533
1629,1533,1560
1629,1560,1631
1585,1681,1583
1583,1681,1679
1683,1681,1587
1587,1681,1585
1723,1627,1725
1725,1627,1629
1629,1631,1725
1725,1631,1727
1681,1777,1679
1679,1777,1775
1779,1777,1683
1683,1777,1681
1819,1723,1821
1821,1723,1725
1725,1727,1821
1821,1727,1823
1777,1846,1775
1875,1873,1779
1779,1873,1846
1779,1846,1777
1915,1819,1917
1917,1819,1821
1917,1821,1848
1821,1823,1848
1971,1969,1875
1875,1969,1873
2011,1915,2013
2013,1915,1917
2063,2061,1971
1971,2061,1969
2103,2011,2105
2105,2011,2013
2163,2161,2063
2063,2161,2061
2203,2103,2205
2205,2103,2105
2163,2230,2161
2161,2230,2263
2161,2263,2261
2230,2265,2263
2301,2232,2303
2232,2203,2303
2303,2203,2205
2303,2205,2305
2263,2371,2261
2261,2371,2369
2373,2371,2265
2265,2371,2263
2409,2301,2411
2411,2301,2303
2303,2305,2411
2411,2305,2413
2371,2446,2369
2503,2501,2373
2373,2501,2446
2373,2446,2371
2535,2409,2537
2537,2409,2411
2537,2411,2448
2411,2413,2448
2503,2570,2501
2501,2570,2603
2501,2603,2601
2570,2605,2603
2633,2572,2635
2572,2535,2635
2635,2535,2537
2635,2537,2637
2603,2674,2601
2705,2703,2605
2605,2703,2674
2605,2674,2603
2733,2633,2735
2735,2633,2635
2735,2635,2676
2635,2637,2676
2705,2786,2703
2703,2786,2835
2703,2835,2833
2786,2837,2835
2857,2788,2859
2788,2733,2859
2859,2733,2735
2859,2735,2861
2835,2894,2833
2837,2898,2835
2835,2898,2937
2835,2937,2894
2894,2937,2935
2898,2939,2937
2955,2900,2957
2900,2857,2957
2957,2857,2859
2957,2859,2959
2959,2859,2896
2859,2861,2896
2937,3026,2935
2939,3022,2937
2937,3022,3061
2937,3061,3026
3026,3061,3059
3022,3063,3061
3071,3024,3073
3024,2955,3073
3073,2955,2957
3073,2957,3075
3075,2957,3028
2957,2959,3028
3061,3120,3059
3063,3102,3061
3061,3102,3154
3061,3154,3120
3102,3106,3154
3154,3106,3187
3154,3187,3185
3106,3104,3187
3187,3104,3156
3187,3156,3189
3104,3071,3156
3156,3071,3073
3156,3073,3122
3073,3075,3122
3187,3218,3185
3187,3189,3218
213,211,184
213,184,215
215,184,172
217,215,188
188,215,172
188,172,162
188,162,221
221,162,174
221,174,223
223,174,225
225,174,186
225,186,227
329,327,292
331,329,284
284,329,292
284,292,213
213,292,211
284,213,250
250,213,215
250,215,217
221,223,252
252,223,286
286,223,225
286,225,347
347,225,227
347,227,349
349,227,294
349,294,351
445,443,408
447,445,378
378,445,408
378,408,329
329,408,327
378,329,331
347,349,380
380,349,471
471,349,351
471,351,473
473,351,410
473,410,475
545,543,510
510,543,443
510,443,445
510,445,447
471,473,512
512,473,573
573,473,475
573,475,575
669,667,598
671,669,545
545,669,598
545,598,543
703,573,705
705,573,575
705,575,600
705,600,707
769,767,730
730,767,667
730,667,669
730,669,671
703,705,732
732,705,805
805,705,707
805,707,807
867,865,838
869,867,769
769,867,838
769,838,767
905,805,907
907,805,807
907,807,840
907,840,909
993,991,958
958,991,865
958,865,867
958,867,869
905,907,960
960,907,1037
1037,907,909
1037,909,1039
1101,1099,993
993,1099,991
1145,1037,1147
1147,1037,1039
1201,1199,1101
1101,1199,1099
1245,1145,1247
1247,1145,1147
1299,1297,1274
1301,1299,1201
1201,1299,1274
1201,1274,1199
1345,1245,1347
1347,1245,1247
1347,1247,1276
1347,1276,1349
1299,1391,1297
1297,1391,1389
1393,1391,1301
1301,1391,1299
1437,1345,1439
1439,1345,1347
1347,1349,1439
1439,1349,1441
1391,1487,1389
1389,1487,1485
1489,1487,1393
1393,1487,1391
1533,1437,1535
1535,1437,1439
1439,1441,1535
1535,1441,1537
1583,1581,1558
1558,1581,1485
1558,1485,1487
1558,1487,1489
1533,1535,1560
1560,1535,1631
1631,1535,1537
1631,1537,1633
1679,1677,1583
1583,1677,1581
1727,1631,1729
1729,1631,1633
1775,1773,1679
1679,1773,1677
1823,1727,1825
1825,1727,1729
1775,1846,1773
1773,1846,1871
1773,1871,1869
1846,1873,1871
1917,1848,1919
1848,1823,1919
1919,1823,1825
1919,1825,1921
1871,1967,1869
1869,1967,1965
1969,1967,1873
1873,1967,1871
2013,1917,2015
2015,1917,1919
1919,1921,2015
2015,1921,2017
1967,2059,1965
1965,2059,2057
2061,2059,1969
1969,2059,1967
2105,2013,2107
2107,2013,2015
2015,2017,2107
2107,2017,2109
2059,2130,2057
2161,2159,2061
2061,2159,2130
2061,2130,2059
2205,2105,2207
2207,2105,2107
2207,2107,2132
2107,2109,2132
2261,2259,2161
2161,2259,2159
2305,2205,2307
2307,2205,2207
2369,2367,2261
2261,2367,2259
2413,2305,2415
2415,2305,2307
2369,2446,2367
2367,2446,2499
2367,2499,2497
2446,2501,2499
2537,2448,2539
2448,2413,2539
2539,2413,2415
2539,2415,2541
2499,2566,2497
2601,2599,2501
2501,2599,2566
2501,2566,2499
2637,2537,2639
2639,2537,2539
2639,2539,2568
2539,2541,2568
2601,2674,2599
2599,2674,2701
2599,2701,2699
2674,2703,2701
2735,2676,2737
2676,2637,2737
2737,2637,2639
2737,2639,2739
2701,2806,2699
2833,2831,2703
2703,2831,2806
2703,2806,2701
2861,2735,2863
2863,2735,2737
2863,2737,2808
2737,2739,2808
2833,2894,2831
2831,2894,2933
2831,2933,2931
2894,2935,2933
2959,2896,2961
2896,2861,2961
2961,2861,2863
2961,2863,2963
2933,2996,2931
2935,3026,2933
2933,3026,3057
2933,3057,2996
2996,3057,3055
3026,3059,3057
3075,3028,3077
3028,2959,3077
3077,2959,2961
3077,2961,3079
3079,2961,2998
2961,2963,2998
3057,3112,3055
3059,3120,3057
3057,3120,3181
3057,3181,3112
3112,3181,3179
3120,3154,3181
3181,3154,3183
3154,3185,3183
3189,3156,3191
3156,3122,3191
3191,3122,3193
3122,3075,3193
3193,3075,3077
3193,3077,3195
3195,3077,3114
3077,3079,3114
3181,3220,3179
3181,3183,3220
3220,3183,3232
3185,3218,3183
3183,3218,3244
3183,3244,3232
3218,3189,3244
3244,3189,3191
3244,3191,3234
3191,3193,3234
3234,3193,3222
3193,3195,3222
109,107,84
109,84,111
111,84,82
111,82,113
113,82,86
113,86,115
211,209,184
184,209,168
184,168,172
172,168,107
172,107,109
172,109,162
162,109,111
162,111,174
174,111,113
174,113,186
186,113,115
186,115,170
186,170,227
227,170,229
327,325,292
292,325,254
292,254,211
211,254,209
227,229,294
294,229,256
294,256,351
351,256,353
443,441,408
408,441,374
408,374,327
327,374,325
351,353,410
410,353,376
410,376,475
475,376,477
541,539,514
543,541,443
443,541,514
443,514,441
575,475,577
577,475,477
577,477,516
577,516,579
667,665,598
598,665,539
598,539,541
598,541,543
575,577,600
600,577,707
707,577,579
707,579,709
765,763,742
767,765,667
667,765,742
667,742,665
807,707,809
809,707,709
809,709,744
809,744,811
865,863,838
838,863,763
838,763,765
838,765,767
807,809,840
840,809,909
909,809,811
909,811,911
991,989,865
865,989,863
1039,909,1041
1041,909,911
1099,1097,991
991,1097,989
1147,1039,1149
1149,1039,1041
1197,1195,1170
1199,1197,1099
1099,1197,1170
1099,1170,1097
1247,1147,1249
1249,1147,1149
1249,1149,1172
1249,1172,1251
1297,1295,1274
1274,1295,1195
1274,1195,1197
1274,1197,1199
1247,1249,1276
1276,1249,1349
1349,1249,1251
1349,1251,1351
1389,1387,1297
1297,1387,1295
1441,1349,1443
1443,1349,1351
1485,1483,1389
1389,1483,1387
1537,1441,1539
1539,1441,1443
1581,1579,1485
1485,1579,1483
1633,1537,1635
1635,1537,1539
1677,1675,1581
1581,1675,1579
1729,1633,1731
1731,1633,1635
1773,1771,1677
1677,1771,1675
1825,1729,1827
1827,1729,1731
1869,1867,1773
1773,1867,1771
1921,1825,1923
1923,1825,1827
1965,1963,1869
1869,1963,1867
2017,1921,2019
2019,1921,1923
2057,2055,1965
1965,2055,1963
2109,2017,2111
2111,2017,2019
2057,2130,2055
2055,2130,2157
2055,2157,2155
2130,2159,2157
2207,2132,2209
2132,2109,2209
2209,2109,2111
2209,2111,2211
2157,2234,2155
2259,2257,2159
2159,2257,2234
2159,2234,2157
2307,2207,2309
2309,2207,2209
2309,2209,2236
2209,2211,2236
2367,2365,2259
2259,2365,2257
2415,2307,2417
2417,2307,2309
2497,2495,2367
2367,2495,2365
2541,2415,2543
2543,2415,2417
2497,2566,2495
2495,2566,2597
2495,2597,2595
2566,2599,2597
2639,2568,2641
2568,2541,2641
2641,2541,2543
2641,2543,2643
2597,2662,2595
2699,2697,2599
2599,2697,2662
2599,2662,2597
2739,2639,2741
2741,2639,2641
2741,2641,2664
2641,2643,2664
2699,2806,2697
2697,2806,2829
2697,2829,2827
2806,2831,2829
2863,2808,2865
2808,2739,2865
2865,2739,2741
2865,2741,2867
2829,2890,2827
2931,2929,2831
2831,2929,2890
2831,2890,2829
2963,2863,2965
2965,2863,2865
2965,2865,2892
2865,2867,2892
2931,2996,2929
2929,2996,3030
2996,3055,3030
3030,3055,3053
3079,2998,3081
3081,2998,3032
2998,2963,3032
3032,2963,2965
3055,3112,3053
3053,3112,3150
3112,3179,3150
3150,3179,3177
3195,3114,3197
3197,3114,3152
3114,3079,3152
3152,3079,3081
3179,3220,3177
3177,3220,3236
3220,3232,3236
3236,3232,3293
3236,3293,3291
3232,3244,3293
3293,3244,3295
3244,3234,3295
3295,3234,3297
3234,3222,3297
3297,3222,3238
3297,3238,3299
3222,3195,3238
3238,3195,3197
3293,3320,3291
3293,3295,3320
3320,3295,3324
3295,3297,3324
3324,3297,3322
3297,3299,3322
107,105,84
84,105,70
84,70,82
82,70,47
82,47,86
86,47,72
86,72,115
115,72,117
207,205,180
209,207,168
168,207,180
168,180,136
168,136,107
107,136,105
115,117,170
170,117,138
170,138,229
229,138,182
229,182,231
231,182,233
323,321,296
325,323,254
254,323,296
254,296,207
207,296,205
254,207,209
229,231,256
256,231,353
353,231,233
353,233,355
355,233,298
355,298,357
441,439,374
374,439,321
374,321,323
374,323,325
353,355,376
376,355,477
477,355,357
477,357,479
539,537,514
514,537,502
514,502,441
441,502,439
477,479,516
516,479,504
516,504,579
579,504,581
665,663,539
539,663,537
709,579,711
711,579,581
763,761,742
742,761,734
742,734,665
665,734,663
709,711,744
744,711,736
744,736,811
811,736,813
863,861,763
763,861,761
911,811,913
913,811,813
989,987,863
863,987,861
1041,911,1043
1043,911,913
1095,1093,1066
1097,1095,989
989,1095,1066
989,1066,987
1149,1041,1151
1151,1041,1043
1151,1043,1068
1151,1068,1153
1195,1193,1170
1170,1193,1093
1170,1093,1095
1170,1095,1097
1149,1151,1172
1172,1151,1251
1251,1151,1153
1251,1153,1253
1295,1293,1195
1195,1293,1193
1351,1251,1353
1353,1251,1253
1387,1385,1295
1295,1385,1293
1443,1351,1445
1445,1351,1353
1483,1481,1387
1387,1481,1385
1539,1443,1541
1541,1443,1445
1579,1577,1483
1483,1577,1481
1635,1539,1637
1637,1539,1541
1675,1673,1579
1579,1673,1577
1731,1635,1733
1733,1635,1637
1771,1769,1675
1675,1769,1673
1827,1731,1829
1829,1731,1733
1867,1865,1771
1771,1865,1769
1923,1827,1925
1925,1827,1829
1963,1961,1867
1867,1961,1865
2019,1923,2021
2021,1923,1925
2055,2053,1963
1963,2053,1961
2111,2019,2113
2113,2019,2021
2155,2153,2055
2055,2153,2053
2211,2111,2213
2213,2111,2113
2155,2234,2153
2153,2234,2255
2153,2255,2253
2234,2257,2255
2309,2236,2311
2236,2211,2311
2311,2211,2213
2311,2213,2313
2255,2338,2253
2365,2363,2257
2257,2363,2338
2257,2338,2255
2417,2309,2419
2419,2309,2311
2419,2311,2340
2311,2313,2340
2495,2493,2365
2365,2493,2363
2543,2417,2545
2545,2417,2419
2595,2593,2495
2495,2593,2493
2643,2543,2645
2645,2543,2545
2595,2662,2593
2593,2662,2670
2662,2697,2670
2670,2697,2695
2741,2664,2743
2743,2664,2672
2664,2643,2672
2672,2643,2645
2827,2825,2697
2697,2825,2695
2867,2741,2869
2869,2741,2743
2827,2890,2825
2825,2890,2902
2890,2929,2902
2902,2929,2927
2965,2892,2967
2967,2892,2904
2892,2867,2904
2904,2867,2869
2929,3030,2927
2927,3030,3051
2927,3051,3049
3030,3053,3051
3081,3032,3083
3032,2965,3083
3083,2965,2967
3083,2967,3085
3051,3108,3049
3053,3150,3051
3051,3150,3175
3051,3175,3108
3108,3175,3173
3150,3177,3175
3197,3152,3199
3152,3081,3199
3199,3081,3083
3199,3083,3201
3201,3083,3110
3083,3085,3110
3175,3224,3173
3177,3236,3175
3175,3236,3268
3175,3268,3224
3236,3291,3268
3268,3291,3289
3299,3238,3301
3301,3238,3270
3238,3197,3270
3270,3197,3199
3270,3199,3226
3199,3201,3226
3291,3320,3289
3289,3320,3334
3320,3324,3334
3334,3324,3359
3324,3322,3359
3359,3322,3336
3322,3299,3336
3336,3299,3301
103,101,78
105,103,70
70,103,78
70,78,42
70,42,47
47,42,40
47,40,72
72,40,44
72,44,117
117,44,80
117,80,119
119,80,121
205,203,180
180,203,176
180,176,136
136,176,101
136,101,103
136,103,105
117,119,138
138,119,182
182,119,121
182,121,178
182,178,233
233,178,235
321,319,296
296,319,288
296,288,205
205,288,203
233,235,298
298,235,290
298,290,357
357,290,359
437,435,416
439,437,321
321,437,416
321,416,319
479,357,481
481,357,359
481,359,418
481,418,483
537,535,502
502,535,435
502,435,437
502,437,439
479,481,504
504,481,581
581,481,483
581,483,583
661,659,638
663,661,537
537,661,638
537,638,535
711,581,713
713,581,583
713,583,640
713,640,715
761,759,734
734,759,659
734,659,661
734,661,663
711,713,736
736,713,813
813,713,715
813,715,815
861,859,761
761,859,759
913,813,915
915,813,815
985,983,966
987,985,861
861,985,966
861,966,859
1043,913,1045
1045,913,915
1045,915,968
1045,968,1047
1093,1091,1066
1066,1091,983
1066,983,985
1066,985,987
1043,1045,1068
1068,1045,1153
1153,1045,1047
1153,1047,1155
1193,1191,1093
1093,1191,1091
1253,1153,1255
1255,1153,1155
1293,1291,1193
1193,1291,1191
1353,1253,1355
1355,1253,1255
1385,1383,1293
1293,1383,1291
1445,1353,1447
1447,1353,1355
1481,1479,1385
1385,1479,1383
1541,1445,1543
1543,1445,1447
1577,1575,1481
1481,1575,1479
1637,1541,1639
1639,1541,1543
1673,1671,1577
1577,1671,1575
1733,1637,1735
1735,1637,1639
1769,1767,1673
1673,1767,1671
1829,1733,1831
1831,1733,1735
1865,1863,1769
1769,1863,1767
1925,1829,1927
1927,1829,1831
1961,1959,1865
1865,1959,1863
2021,1925,2023
2023,1925,1927
2053,2051,1961
1961,2051,1959
2113,2021,2115
2115,2021,2023
2153,2151,2053
2053,2151,2051
2213,2113,2215
2215,2113,2115
2253,2251,2153
2153,2251,2151
2313,2213,2315
2315,2213,2215
2253,2338,2251
2251,2338,2361
2251,2361,2359
2338,2363,2361
2419,2340,2421
2340,2313,2421
2421,2313,2315
2421,2315,2423
2361,2438,2359
2493,2491,2363
2363,2491,2438
2363,2438,2361
2545,2419,2547
2547,2419,2421
2547,2421,2440
2421,2423,2440
2593,2591,2493
2493,2591,2491
2645,2545,2647
2647,2545,2547
2593,2670,2591
2591,2670,2693
2591,2693,2691
2670,2695,2693
2743,2672,2745
2672,2645,2745
2745,2645,2647
2745,2647,2747
2693,2766,2691
2825,2823,2695
2695,2823,2766
2695,2766,2693
2869,2743,2871
2871,2743,2745
2871,2745,2768
2745,2747,2768
2825,2902,2823
2823,2902,2925
2823,2925,2923
2902,2927,2925
2967,2904,2969
2904,2869,2969
2969,2869,2871
2969,2871,2971
2925,2988,2923
3049,3047,2927
2927,3047,2988
2927,2988,2925
3085,2967,3087
3087,2967,2969
3087,2969,2990
2969,2971,2990
3049,3108,3047
3047,3108,3116
3108,3173,3116
3116,3173,3171
3201,3110,3203
3203,3110,3118
3110,3085,3118
3118,3085,3087
3173,3224,3171
3171,3224,3228
3224,3268,3228
3228,3268,3287
3228,3287,3285
3268,3289,3287
3301,3270,3303
3270,3226,3303
3303,3226,3230
3303,3230,3305
3226,3201,3230
3230,3201,3203
3287,3326,3285
3289,3334,3287
3287,3334,3362
3287,3362,3326
3334,3359,3362
3362,3359,3366
3359,3336,3366
3366,3336,3364
3336,3301,3364
3364,3301,3303
3364,3303,3328
3303,3305,3328
101,99,78
78,99,74
78,74,42
42,74,36
42,36,40
40,36,30
40,30,44
44,30,38
44,38,80
80,38,76
80,76,121
121,76,123
203,201,176
176,201,164
176,164,101
101,164,99
121,123,178
178,123,166
178,166,235
235,166,237
319,317,288
288,317,280
288,280,203
203,280,201
235,237,290
290,237,282
290,282,359
359,282,361
435,433,416
416,433,412
416,412,319
319,412,317
359,361,418
418,361,414
418,414,483
483,414,485
535,533,435
435,533,433
583,483,585
585,483,485
659,657,638
638,657,632
638,632,535
535,632,533
583,585,640
640,585,634
640,634,715
715,634,717
759,757,659
659,757,657
815,715,817
817,715,717
859,857,759
759,857,757
915,815,917
917,815,817
983,981,966
966,981,954
966,954,859
859,954,857
915,917,968
968,917,956
968,956,1047
1047,956,1049
1091,1089,983
983,1089,981
1155,1047,1157
1157,1047,1049
1191,1189,1091
1091,1189,1089
1255,1155,1257
1257,1155,1157
1291,1289,1191
1191,1289,1189
1355,1255,1357
1357,1255,1257
1383,1381,1291
1291,1381,1289
1447,1355,1449
1449,1355,1357
1479,1477,1383
1383,1477,1381
1543,1447,1545
1545,1447,1449
1575,1573,1479
1479,1573,1477
1639,1543,1641
1641,1543,1545
1671,1669,1575
1575,1669,1573
1735,1639,1737
1737,1639,1641
1767,1765,1671
1671,1765,1669
1831,1735,1833
1833,1735,1737
1863,1861,1767
1767,1861,1765
1927,1831,1929
1929,1831,1833
1959,1957,1863
1863,1957,1861
2023,1927,2025
2025,1927,1929
2051,2049,1959
1959,2049,1957
2115,2023,2117
2117,2023,2025
2151,2149,2051
2051,2149,2049
2215,2115,2217
2217,2115,2117
2251,2249,2151
2151,2249,2149
2315,2215,2317
2317,2215,2217
2359,2357,2251
2251,2357,2249
2423,2315,2425
2425,2315,2317
2359,2438,2357
2357,2438,2450
2438,2491,2450
2450,2491,2489
2547,2440,2549
2549,2440,2452
2440,2423,2452
2452,2423,2425
2591,2589,2491
2491,2589,2489
2647,2547,2649
2649,2547,2549
2691,2689,2591
2591,2689,2589
2747,2647,2749
2749,2647,2649
2691,2766,2689
2689,2766,2772
2766,2823,2772
2772,2823,2821
2871,2768,2873
2873,2768,2774
2768,2747,2774
2774,2747,2749
2923,2921,2823
2823,2921,2821
2971,2871,2973
2973,2871,2873
2923,2988,2921
2921,2988,2992
2988,3047,2992
2992,3047,3045
3087,2990,3089
3089,2990,2994
2990,2971,2994
2994,2971,2973
3047,3116,3045
3045,3116,3124
3116,3171,3124
3124,3171,3169
3203,3118,3205
3205,3118,3126
3118,3087,3126
3126,3087,3089
3171,3228,3169
3169,3228,3240
3228,3285,3240
3240,3285,3283
3305,3230,3307
3307,3230,3242
3230,3203,3242
3242,3203,3205
3285,3326,3283
3283,3326,3330
3326,3362,3330
3330,3362,3368
3362,3366,3368
3368,3366,3376
3366,3364,3376
3376,3364,3370
3364,3328,3370
3370,3328,3332
3328,3305,3332
3332,3305,3307
99,97,74
74,97,66
74,66,36
36,66,32
36,32,30
30,32,10
30,10,38
38,10,34
38,34,76
76,34,68
76,68,123
123,68,125
201,199,164
164,199,158
164,158,99
99,158,97
123,125,166
166,125,160
166,160,237
237,160,239
317,315,280
280,315,276
280,276,201
201,276,199
237,239,282
282,239,278
282,278,361
361,278,363
433,431,412
412,431,404
412,404,317
317,404,315
361,363,414
414,363,406
414,406,485
485,406,487
533,531,433
433,531,431
585,485,587
587,485,487
657,655,632
632,655,624
632,624,533
533,624,531
585,587,634
634,587,626
634,626,717
717,626,719
757,755,657
657,755,655
817,717,819
819,717,719
857,855,757
757,855,755
917,817,919
919,817,819
981,979,954
954,979,950
954,950,857
857,950,855
917,919,956
956,919,952
956,952,1049
1049,952,1051
1089,1087,981
981,1087,979
1157,1049,1159
1159,1049,1051
1189,1187,1089
1089,1187,1087
1257,1157,1259
1259,1157,1159
1289,1287,1189
1189,1287,1187
1357,1257,1359
1359,1257,1259
1381,1379,1289
1289,1379,1287
1449,1357,1451
1451,1357,1359
1477,1475,1381
1381,1475,1379
1545,1449,1547
1547,1449,1451
1573,1571,1477
1477,1571,1475
1641,1545,1643
1643,1545,1547
1669,1667,1573
1573,1667,1571
1737,1641,1739
1739,1641,1643
1765,1763,1669
1669,1763,1667
1833,1737,1835
1835,1737,1739
1861,1859,1765
1765,1859,1763
1929,1833,1931
1931,1833,1835
1957,1955,1861
1861,1955,1859
2025,1929,2027
2027,1929,1931
2049,2047,1957
1957,2047,1955
2117,2025,2119
2119,2025,2027
2149,2147,2049
2049,2147,2047
2217,2117,2219
2219,2117,2119
2249,2247,2149
2149,2247,2147
2317,2217,2319
2319,2217,2219
2357,2355,2249
2249,2355,2247
2425,2317,2427
2427,2317,2319
2357,2450,2355
2355,2450,2454
2450,2489,2454
2454,2489,2487
2549,2452,2551
2551,2452,2456
2452,2425,2456
2456,2425,2427
2589,2587,2489
2489,2587,2487
2649,2549,2651
2651,2549,2551
2689,2687,2589
2589,2687,2587
2749,2649,2751
2751,2649,2651
2689,2772,2687
2687,2772,2780
2772,2821,2780
2780,2821,2819
2873,2774,2875
2875,2774,2782
2774,2749,2782
2782,2749,2751
2921,2919,2821
2821,2919,2819
2973,2873,2975
2975,2873,2875
2921,2992,2919
2919,2992,3000
2992,3045,3000
3000,3045,3043
3089,2994,3091
3091,2994,3002
2994,2973,3002
3002,2973,2975
3045,3124,3043
3043,3124,3128
3124,3169,3128
3128,3169,3167
3205,3126,3207
3207,3126,3130
3126,3089,3130
3130,3089,3091
3169,3240,3167
3167,3240,3246
3240,3283,3246
3246,3283,3281
3307,3242,3309
3309,3242,3248
3242,3205,3248
3248,3205,3207
3283,3330,3281
3281,3330,3338
3330,3368,3338
3338,3368,3372
3368,3376,3372
3372,3376,3396
3376,3370,3396
3396,3370,3374
3370,3332,3374
3374,3332,3340
3332,3307,3340
3340,3307,3309
97,95,66
66,95,62
66,62,32
32,62,26
32,26,10
10,26,8
10,8,34
34,8,28
34,28,68
68,28,64
68,64,125
125,64,127
199,197,158
158,197,154
158,154,97
97,154,95
125,127,160
160,127,156
160,156,239
239,156,241
315,313,276
276,313,272
276,272,199
199,272,197
239,241,278
278,241,274
278,274,363
363,274,365
431,429,404
404,429,400
404,400,315
315,400,313
363,365,406
406,365,402
406,402,487
487,402,489
531,529,431
431,529,429
587,487,589
589,487,489
655,653,624
624,653,616
624,616,531
531,616,529
587,589,626
626,589,622
626,622,719
719,622,721
755,753,655
655,753,653
819,719,821
821,719,721
855,853,755
755,853,753
919,819,921
921,819,821
979,977,950
950,977,944
950,944,855
855,944,853
919,921,952
952,921,946
952,946,1051
1051,946,1053
1087,1085,979
979,1085,977
1159,1051,1161
1161,1051,1053
1187,1185,1087
1087,1185,1085
1259,1159,1261
1261,1159,1161
1287,1285,1187
1187,1285,1185
1359,1259,1361
1361,1259,1261
1379,1377,1287
1287,1377,1285
1451,1359,1453
1453,1359,1361
1475,1473,1379
1379,1473,1377
1547,1451,1549
1549,1451,1453
1571,1569,1475
1475,1569,1473
1643,1547,1645
1645,1547,1549
1667,1665,1571
1571,1665,1569
1739,1643,1741
1741,1643,1645
1763,1761,1667
1667,1761,1665
1835,1739,1837
1837,1739,1741
1859,1857,1763
1763,1857,1761
1931,1835,1933
1933,1835,1837
1955,1953,1859
1859,1953,1857
2027,1931,2029
2029,1931,1933
2047,2045,1955
1955,2045,1953
2119,2027,2121
2121,2027,2029
2147,2145,2047
2047,2145,2045
2219,2119,2221
2221,2119,2121
2247,2245,2147
2147,2245,2145
2319,2219,2321
2321,2219,2221
2355,2353,2247
2247,2353,2245
2427,2319,2429
2429,2319,2321
2355,2454,2353
2353,2454,2460
2454,2487,2460
2460,2487,2485
2551,2456,2553
2553,2456,2462
2456,2427,2462
2462,2427,2429
2587,2585,2487
2487,2585,2485
2651,2551,2653
2653,2551,2553
2687,2685,2587
2587,2685,2585
2751,2651,2753
2753,2651,2653
2687,2780,2685
2685,2780,2784
2780,2819,2784
2784,2819,2817
2875,2782,2877
2877,2782,2790
2782,2751,2790
2790,2751,2753
2919,2917,2819
2819,2917,2817
2975,2875,2977
2977,2875,2877
2919,3000,2917
2917,3000,3004
3000,3043,3004
3004,3043,3041
3091,3002,3093
3093,3002,3006
3002,2975,3006
3006,2975,2977
3043,3128,3041
3041,3128,3132
3128,3167,3132
3132,3167,3165
3207,3130,3209
3209,3130,3134
3130,3091,3134
3134,3091,3093
3167,3246,3165
3165,3246,3250
3246,3281,3250
3250,3281,3279
3309,3248,3311
3311,3248,3252
3248,3207,3252
3252,3207,3209
3281,3338,3279
3279,3338,3342
3338,3372,3342
3342,3372,3378
3372,3396,3378
3378,3396,3398
3396,3374,3398
3398,3374,3380
3374,3340,3380
3380,3340,3344
3340,3309,3344
3344,3309,3311
95,93,62
62,93,58
62,58,26
26,58,22
26,22,8
8,22,6
8,6,28
28,6,24
28,24,64
64,24,60
64,60,127
127,60,129
197,195,154
154,195,150
154,150,95
95,150,93
127,129,156
156,129,152
156,152,241
241,152,243
313,311,272
272,311,268
272,268,197
197,268,195
241,243,274
274,243,270
274,270,365
365,270,367
429,427,400
400,427,396
400,396,313
313,396,311
365,367,402
402,367,398
402,398,489
489,398,491
529,527,429
429,527,427
589,489,591
591,489,491
653,651,616
616,651,612
616,612,529
529,612,527
589,591,622
622,591,614
622,614,721
721,614,723
753,751,653
653,751,651
821,721,823
823,721,723
853,851,753
753,851,751
921,821,923
923,821,823
977,975,944
944,975,940
944,940,853
853,940,851
921,923,946
946,923,942
946,942,1053
1053,942,1055
1085,1083,977
977,1083,975
1161,1053,1163
1163,1053,1055
1185,1183,1085
1085,1183,1083
1261,1161,1263
1263,1161,1163
1285,1283,1185
1185,1283,1183
1361,1261,1363
1363,1261,1263
1377,1375,1285
1285,1375,1283
1453,1361,1455
1455,1361,1363
1473,1471,1377
1377,1471,1375
1549,1453,1551
1551,1453,1455
1569,1567,1473
1473,1567,1471
1645,1549,1647
1647,1549,1551
1665,1663,1569
1569,1663,1567
1741,1645,1743
1743,1645,1647
1761,1759,1665
1665,1759,1663
1837,1741,1839
1839,1741,1743
1857,1855,1761
1761,1855,1759
1933,1837,1935
1935,1837,1839
1953,1951,1857
1857,1951,1855
2029,1933,2031
2031,1933,1935
2045,2043,1953
1953,2043,1951
2121,2029,2123
2123,2029,2031
2145,2143,2045
2045,2143,2043
2221,2121,2223
2223,2121,2123
2245,2243,2145
2145,2243,2143
2321,2221,2323
2323,2221,2223
2353,2351,2245
2245,2351,2243
2429,2321,2431
2431,2321,2323
2353,2460,2351
2351,2460,2464
2460,2485,2464
2464,2485,2483
2553,2462,2555
2555,2462,2466
2462,2429,2466
2466,2429,2431
2585,2583,2485
2485,2583,2483
2653,2553,2655
2655,2553,2555
2685,2683,2585
2585,2683,2583
2753,2653,2755
2755,2653,2655
2685,2784,2683
2683,2784,2792
2784,2817,2792
2792,2817,2815
2877,2790,2879
2879,2790,2794
2790,2753,2794
2794,2753,2755
2917,2915,2817
2817,2915,2815
2977,2877,2979
2979,2877,2879
2917,3004,2915
2915,3004,3008
3004,3041,3008
3008,3041,3039
3093,3006,3095
3095,3006,3010
3006,2977,3010
3010,2977,2979
3041,3132,3039
3039,3132,3136
3132,3165,3136
3136,3165,3163
3209,3134,3211
3211,3134,3138
3134,3093,3138
3138,3093,3095
3165,3250,3163
3163,3250,3254
3250,3279,3254
3254,3279,3277
3311,3252,3313
3313,3252,3256
3252,3209,3256
3256,3209,3211
3279,3342,3277
3277,3342,3346
3342,3378,3346
3346,3378,3382
3378,3398,3382
3382,3398,3400
3398,3380,3400
3400,3380,3384
3380,3344,3384
3384,3344,3348
3344,3311,3348
3348,3311,3313
93,91,58
58,91,54
58,54,22
22,54,18
22,18,6
6,18,4
6,4,24
24,4,20
24,20,60
60,20,56
60,56,129
129,56,131
195,193,150
150,193,146
150,146,93
93,146,91
129,131,152
152,131,148
152,148,243
243,148,245
311,309,268
268,309,264
268,264,195
195,264,193
243,245,270
270,245,266
270,266,367
367,266,369
427,425,396
396,425,392
396,392,311
311,392,309
367,369,398
398,369,394
398,394,491
491,394,493
527,525,427
427,525,425
591,491,593
593,491,493
651,649,612
612,649,608
612,608,527
527,608,525
591,593,614
614,593,610
614,610,723
723,610,725
751,749,651
651,749,649
823,723,825
825,723,725
851,849,751
751,849,749
923,823,925
925,823,825
975,973,940
940,973,936
940,936,851
851,936,849
923,925,942
942,925,938
942,938,1055
1055,938,1057
1083,1081,975
975,1081,973
1163,1055,1165
1165,1055,1057
1183,1181,1083
1083,1181,1081
1263,1163,1265
1265,1163,1165
1283,1281,1183
1183,1281,1181
1363,1263,1365
1365,1263,1265
1375,1373,1283
1283,1373,1281
1455,1363,1457
1457,1363,1365
1471,1469,1375
1375,1469,1373
1551,1455,1553
1553,1455,1457
1567,1565,1471
1471,1565,1469
1647,1551,1649
1649,1551,1553
1663,1661,1567
1567,1661,1565
1743,1647,1745
1745,1647,1649
1759,1757,1663
1663,1757,1661
1839,1743,1841
1841,1743,1745
1855,1853,1759
1759,1853,1757
1935,1839,1937
1937,1839,1841
1951,1949,1855
1855,1949,1853
2031,1935,2033
2033,1935,1937
2043,2041,1951
1951,2041,1949
2123,2031,2125
2125,2031,2033
2143,2141,2043
2043,2141,2041
2223,2123,2225
2225,2123,2125
2243,2241,2143
2143,2241,2141
2323,2223,2325
2325,2223,2225
2351,2349,2243
2243,2349,2241
2431,2323,2433
2433,2323,2325
2351,2464,2349
2349,2464,2468
2464,2483,2468
2468,2483,2481
2555,2466,2557
2557,2466,2470
2466,2431,2470
2470,2431,2433
2583,2581,2483
2483,2581,2481
2655,2555,2657
2657,2555,2557
2683,2681,2583
2583,2681,2581
2755,2655,2757
2757,2655,2657
2683,2792,2681
2681,2792,2796
2792,2815,2796
2796,2815,2813
2879,2794,2881
2881,2794,2798
2794,2755,2798
2798,2755,2757
2915,2913,2815
2815,2913,2813
2979,2879,2981
2981,2879,2881
2915,3008,2913
2913,3008,3012
3008,3039,3012
3012,3039,3037
3095,3010,3097
3097,3010,3014
3010,2979,3014
3014,2979,2981
3039,3136,3037
3037,3136,3140
3136,3163,3140
3140,3163,3161
3211,3138,3213
3213,3138,3142
3138,3095,3142
3142,3095,3097
3163,3254,3161
3161,3254,3258
3254,3277,3258
3258,3277,3275
3313,3256,3315
3315,3256,3260
3256,3211,3260
3260,3211,3213
3277,3346,3275
3275,3346,3350
3346,3382,3350
3350,3382,3386
3382,3400,3386
3386,3400,3402
3400,3384,3402
3402,3384,3388
3384,3348,3388
3388,3348,3352
3348,3313,3352
3352,3313,3315
91,89,54
54,89,50
54,50,18
18,50,14
18,14,4
4,14,2
4,2,20
20,2,16
20,16,56
56,16,52
56,52,131
131,52,133
193,191,146
146,191,142
146,142,91
91,142,89
131,133,148
148,133,144
148,144,245
245,144,247
309,307,264
264,307,260
264,260,193
193,260,191
245,247,266
266,247,262
266,262,369
369,262,371
425,423,392
392,423,388
392,388,309
309,388,307
369,371,394
394,371,390
394,390,493
493,390,495
525,523,425
425,523,423
593,493,595
595,493,495
649,647,608
608,647,604
608,604,525
525,604,523
593,595,610
610,595,606
610,606,725
725,606,727
749,747,649
649,747,647
825,725,827
827,725,727
849,847,749
749,847,747
925,825,927
927,825,827
973,971,936
936,971,932
936,932,849
849,932,847
925,927,938
938,927,934
938,934,1057
1057,934,1059
1081,1079,973
973,1079,971
1165,1057,1167
1167,1057,1059
1181,1179,1081
1081,1179,1079
1265,1165,1267
1267,1165,1167
1281,1279,1181
1181,1279,1179
1365,1265,1367
1367,1265,1267
1373,1371,1281
1281,1371,1279
1457,1365,1459
1459,1365,1367
1469,1467,1373
1373,1467,1371
1553,1457,1555
1555,1457,1459
1565,1563,1469
1469,1563,1467
1649,1553,1651
1651,1553,1555
1661,1659,1565
1565,1659,1563
1745,1649,1747
1747,1649,1651
1757,1755,1661
1661,1755,1659
1841,1745,1843
1843,1745,1747
1853,1851,1757
1757,1851,1755
1937,1841,1939
1939,1841,1843
1949,1947,1853
1853,1947,1851
2033,1937,2035
2035,1937,1939
2041,2039,1949
1949,2039,1947
2125,2033,2127
2127,2033,2035
2141,2139,2041
2041,2139,2039
2225,2125,2227
2227,2125,2127
2241,2239,2141
2141,2239,2139
2325,2225,2327
2327,2225,2227
2349,2347,2241
2241,2347,2239
2433,2325,2435
2435,2325,2327
2349,2468,2347
2347,2468,2472
2468,2481,2472
2472,2481,2479
2557,2470,2559
2559,2470,2474
2470,2433,2474
2474,2433,2435
2581,2579,2481
2481,2579,2479
2657,2557,2659
2659,2557,2559
2681,2679,2581
2581,2679,2579
2757,2657,2759
2759,2657,2659
2681,2796,2679
2679,2796,2800
2796,2813,2800
2800,2813,2811
2881,2798,2883
2883,2798,2802
2798,2757,2802
2802,2757,2759
2913,2911,2813
2813,2911,2811
2981,2881,2983
2983,2881,2883
2913,3012,2911
2911,3012,3016
3012,3037,3016
3016,3037,3035
3097,3014,3099
3099,3014,3018
3014,2981,3018
3018,2981,2983
3037,3140,3035
3035,3140,3144
3140,3161,3144
3144,3161,3159
3213,3142,3215
3215,3142,3146
3142,3097,3146
3146,3097,3099
3161,3258,3159
3159,3258,3262
3258,3275,3262
3262,3275,3273
3315,3260,3317
3317,3260,3264
3260,3213,3264
3264,3213,3215
3275,3350,3273
3273,3350,3354
3350,3386,3354
3354,3386,3390
3386,3402,3390
3390,3402,3404
3402,3388,3404
3404,3388,3392
3388,3352,3392
3392,3352,3356
3352,3315,3356
3356,3315,3317
89,88,50
50,88,46
50,46,14
14,46,12
14,12,2
2,12,1
2,1,16
16,1,13
16,13,52
52,13,49
52,49,133
133,49,135
191,190,142
142,190,140
142,140,89
89,140,88
133,135,144
144,135,141
144,141,247
247,141,249
307,306,260
260,306,258
260,258,191
191,258,190
247,249,262
262,249,259
262,259,371
371,259,373
423,422,388
388,422,386
388,386,307
307,386,306
371,373,390
390,373,387
390,387,495
495,387,497
523,522,423
423,522,422
595,495,597
597,495,497
647,646,604
604,646,602
604,602,523
523,602,522
595,597,606
606,597,603
606,603,727
727,603,729
747,746,647
647,746,646
827,727,829
829,727,729
847,846,747
747,846,746
927,827,929
929,827,829
971,970,932
932,970,930
932,930,847
847,930,846
927,929,934
934,929,931
934,931,1059
1059,931,1061
1079,1078,971
971,1078,970
1167,1059,1169
1169,1059,1061
1179,1178,1079
1079,1178,1078
1267,1167,1269
1269,1167,1169
1279,1278,1179
1179,1278,1178
1367,1267,1369
1369,1267,1269
1371,1370,1279
1279,1370,1278
1459,1367,1461
1461,1367,1369
1467,1466,1371
1371,1466,1370
1555,1459,1557
1557,1459,1461
1563,1562,1467
1467,1562,1466
1651,1555,1653
1653,1555,1557
1659,1658,1563
1563,1658,1562
1747,1651,1749
1749,1651,1653
1755,1754,1659
1659,1754,1658
1843,1747,1845
1845,1747,1749
1851,1850,1755
1755,1850,1754
1939,1843,1941
1941,1843,1845
1947,1946,1851
1851,1946,1850
2035,1939,2037
2037,1939,1941
2039,2038,1947
1947,2038,1946
2127,2035,2129
2129,2035,2037
2139,2138,2039
2039,2138,2038
2227,2127,2229
2229,2127,2129
2239,2238,2139
2139,2238,2138
2327,2227,2329
2329,2227,2229
2347,2346,2239
2239,2346,2238
2435,2327,2437
2437,2327,2329
2347,2472,2346
2346,2472,2476
2472,2479,2476
2476,2479,2478
2559,2474,2561
2561,2474,2477
2474,2435,2477
2477,2435,2437
2579,2578,2479
2479,2578,2478
2659,2559,2661
2661,2559,2561
2679,2678,2579
2579,2678,2578
2759,2659,2761
2761,2659,2661
2679,2800,2678
2678,2800,2804
2800,2811,2804
2804,2811,2810
2883,2802,2885
2885,2802,2805
2802,2759,2805
2805,2759,2761
2911,2910,2811
2811,2910,2810
2983,2883,2985
2985,2883,2885
2911,3016,2910
2910,3016,3020
3016,3035,3020
3020,3035,3034
3099,3018,3101
3101,3018,3021
3018,2983,3021
3021,2983,2985
3035,3144,3034
3034,3144,3148
3144,3159,3148
3148,3159,3158
3215,3146,3217
3217,3146,3149
3146,3099,3149
3149,3099,3101
3159,3262,3158
3158,3262,3266
3262,3273,3266
3266,3273,3272
3317,3264,3319
3319,3264,3267
3264,3215,3267
3267,3215,3217
3273,3354,3272
3272,3354,3358
3354,3390,3358
3358,3390,3394
3390,3404,3394
3394,3404,3406
3404,3392,3406
3406,3392,3395
3392,3356,3395
3395,3356,3361
3356,3317,3361
3361,3317,3319
88,90,46
46,90,51
46,51,12
12,51,15
12,15,1
1,15,3
13,1,3
13,3,17
13,17,49
49,17,53
49,53,135
135,53,134
190,192,140
140,192,143
140,143,88
88,143,90
135,134,141
141,134,145
141,145,249
249,145,248
306,308,258
258,308,261
258,261,190
190,261,192
249,248,259
259,248,263
259,263,373
373,263,372
422,424,386
386,424,389
386,389,306
306,389,308
373,372,387
387,372,391
387,391,497
497,391,496
522,524,422
422,524,424
597,497,596
596,497,496
646,648,602
602,648,605
602,605,522
522,605,524
597,596,603
603,596,607
603,607,729
729,607,728
746,748,646
646,748,648
829,729,828
828,729,728
846,848,746
746,848,748
929,829,928
928,829,828
970,972,930
930,972,933
930,933,846
846,933,848
929,928,931
931,928,935
931,935,1061
1061,935,1060
1078,1080,970
970,1080,972
1169,1061,1168
1168,1061,1060
1178,1180,1078
1078,1180,1080
1269,1169,1268
1268,1169,1168
1278,1280,1178
1178,1280,1180
1369,1269,1368
1368,1269,1268
1370,1372,1278
1278,1372,1280
1461,1369,1460
1460,1369,1368
1466,1468,1370
1370,1468,1372
1557,1461,1556
1556,1461,1460
1562,1564,1466
1466,1564,1468
1653,1557,1652
1652,1557,1556
1562,1658,1660
1562,1660,1564
1653,1652,1749
1749,1652,1748
1658,1754,1756
1658,1756,1660
1845,1749,1844
1844,1749,1748
1850,1852,1754
1754,1852,1756
1941,1845,1940
1940,1845,1844
1946,1948,1850
1850,1948,1852
2037,1941,2036
2036,1941,1940
2038,2040,1946
1946,2040,1948
2129,2037,2128
2128,2037,2036
2138,2140,2038
2038,2140,2040
2229,2129,2228
2228,2129,2128
2238,2240,2138
2138,2240,2140
2329,2229,2328
2328,2229,2228
2346,2348,2238
2238,2348,2240
2437,2329,2436
2436,2329,2328
2346,2476,2348
2348,2476,2473
2476,2478,2473
2473,2478,2480
2561,2477,2560
2560,2477,2475
2477,2437,2475
2475,2437,2436
2578,2580,2478
2478,2580,2480
2661,2561,2660
2660,2561,2560
2678,2680,2578
2578,2680,2580
2761,2661,2760
2760,2661,2660
2678,2804,2680
2680,2804,2801
2804,2810,2801
2801,2810,2812
2885,2805,2884
2884,2805,2803
2805,2761,2803
2803,2761,2760
2910,2912,2810
2810,2912,2812
2985,2885,2984
2984,2885,2884
2910,3020,2912
2912,3020,3017
3020,3034,3017
3017,3034,3036
3101,3021,3100
3100,3021,3019
3021,2985,3019
3019,2985,2984
3034,3148,3036
3036,3148,3145
3148,3158,3145
3145,3158,3160
3217,3149,3216
3216,3149,3147
3149,3101,3147
3147,3101,3100
3158,3266,3160
3160,3266,3263
3266,3272,3263
3263,3272,3274
3319,3267,3318
3318,3267,3265
3267,3217,3265
3265,3217,3216
3272,3358,3274
3274,3358,3355
3358,3394,3355
3355,3394,3391
3394,3406,3391
3391,3406,3405
3406,3395,3393
3406,3393,3405
3395,3361,3393
3393,3361,3357
3361,3319,3357
3357,3319,3318
90,92,51
51,92,55
51,55,15
15,55,19
15,19,3
3,19,5
3,5,17
17,5,21
17,21,53
53,21,57
53,57,134
134,57,132
192,194,143
143,194,147
143,147,90
90,147,92
134,132,145
145,132,149
145,149,248
248,149,246
308,310,261
261,310,265
261,265,192
192,265,194
248,246,263
263,246,267
263,267,372
372,267,370
424,426,389
389,426,393
389,393,308
308,393,310
372,370,391
391,370,395
391,395,496
496,395,494
524,526,424
424,526,426
596,496,594
594,496,494
648,650,605
605,650,609
605,609,524
524,609,526
596,594,607
607,594,611
607,611,728
728,611,726
748,750,648
648,750,650
828,728,826
826,728,726
848,850,748
748,850,750
928,828,926
926,828,826
972,974,933
933,974,937
933,937,848
848,937,850
928,926,935
935,926,939
935,939,1060
1060,939,1058
1080,1082,972
972,1082,974
1168,1060,1166
1166,1060,1058
1180,1182,1080
1080,1182,1082
1268,1168,1266
1266,1168,1166
1280,1282,1180
1180,1282,1182
1368,1268,1366
1366,1268,1266
1372,1374,1280
1280,1374,1282
1460,1368,1458
1458,1368,1366
1468,1470,1372
1372,1470,1374
1556,1460,1554
1554,1460,1458
1564,1566,1468
1468,1566,1470
1652,1556,1650
1650,1556,1554
1660,1662,1564
1564,1662,1566
1748,1652,1746
1746,1652,1650
1756,1758,1660
1660,1758,1662
1844,1748,1842
1842,1748,1746
1852,1854,1756
1756,1854,1758
1940,1844,1938
1938,1844,1842
1948,1950,1852
1852,1950,1854
2036,1940,2034
2034,1940,1938
2040,2042,1948
1948,2042,1950
2128,2036,2126
2126,2036,2034
2140,2142,2040
2040,2142,2042
2228,2128,2226
2226,2128,2126
2240,2242,2140
2140,2242,2142
2328,2228,2326
2326,2228,2226
2348,2350,2240
2240,2350,2242
2436,2328,2434
2434,2328,2326
2348,2473,2350
2350,2473,2469
2473,2480,2469
2469,2480,2482
2560,2475,2558
2558,2475,2471
2475,2436,2471
2471,2436,2434
2580,2582,2480
2480,2582,2482
2660,2560,2658
2658,2560,2558
2680,2682,2580
2580,2682,2582
2760,2660,2758
2758,2660,2658
2680,2801,2682
2682,2801,2797
2801,2812,2797
2797,2812,2814
2884,2803,2882
2882,2803,2799
2803,2760,2799
2799,2760,2758
2912,2914,2812
2812,2914,2814
2984,2884,2982
2982,2884,2882
2912,3017,2914
2914,3017,3013
3017,3036,3013
3013,3036,3038
3100,3019,3098
3098,3019,3015
3019,2984,3015
3015,2984,2982
3036,3145,3038
3038,3145,3141
3145,3160,3141
3141,3160,3162
3216,3147,3214
3214,3147,3143
3147,3100,3143
3143,3100,3098
3160,3263,3162
3162,3263,3259
3263,3274,3259
3259,3274,3276
3318,3265,3316
3316,3265,3261
3265,3216,3261
3261,3216,3214
3274,3355,3276
3276,3355,3351
3355,3391,3351
3351,3391,3387
3391,3405,3387
3387,3405,3403
3405,3393,3403
3403,3393,3389
3393,3357,3389
3389,3357,3353
3357,3318,3353
3353,3318,3316
92,94,55
55,94,59
55,59,19
19,59,23
19,23,5
5,23,7
5,7,21
21,7,25
21,25,57
57,25,61
57,61,132
132,61,130
194,196,147
147,196,151
147,151,92
92,151,94
132,130,149
149,130,153
149,153,246
246,153,244
310,312,265
265,312,269
265,269,194
194,269,196
246,244,267
267,244,271
267,271,370
370,271,368
426,428,393
393,428,397
393,397,310
310,397,312
370,368,395
395,368,399
395,399,494
494,399,492
526,528,426
426,528,428
594,494,592
592,494,492
650,652,609
609,652,613
609,613,526
526,613,528
594,592,611
611,592,615
611,615,726
726,615,724
750,752,650
650,752,652
826,726,824
824,726,724
850,852,750
750,852,752
926,826,924
924,826,824
974,976,937
937,976,941
937,941,850
850,941,852
926,924,939
939,924,943
939,943,1058
1058,943,1056
1082,1084,974
974,1084,976
1166,1058,1164
1164,1058,1056
1182,1184,1082
1082,1184,1084
1266,1166,1264
1264,1166,1164
1282,1284,1182
1182,1284,1184
1366,1266,1364
1364,1266,1264
1374,1376,1282
1282,1376,1284
1458,1366,1456
1456,1366,1364
1470,1472,1374
1374,1472,1376
1554,1458,1552
1552,1458,1456
1566,1568,1470
1470,1568,1472
1650,1554,1648
1648,1554,1552
1662,1664,1566
1566,1664,1568
1746,1650,1744
1744,1650,1648
1758,1760,1662
1662,1760,1664
1842,1746,1840
1840,1746,1744
1854,1856,1758
1758,1856,1760
1938,1842,1936
1936,1842,1840
1950,1952,1854
1854,1952,1856
2034,1938,2032
2032,1938,1936
2042,2044,1950
1950,2044,1952
2126,2034,2124
2124,2034,2032
2142,2144,2042
2042,2144,2044
2226,2126,2224
2224,2126,2124
2242,2244,2142
2142,2244,2144
2326,2226,2324
2324,2226,2224
2350,2352,2242
2242,2352,2244
2434,2326,2432
2432,2326,2324
2350,2469,2352
2352,2469,2465
2469,2482,2465
2465,2482,2484
2558,2471,2556
2556,2471,2467
2471,2434,2467
2467,2434,2432
2582,2584,2482
2482,2584,2484
2658,2558,2656
2656,2558,2556
2682,2684,2582
2582,2684,2584
2758,2658,2756
2756,2658,2656
2682,2797,2684
2684,2797,2793
2797,2814,2793
2793,2814,2816
2882,2799,2880
2880,2799,2795
2799,2758,2795
2795,2758,2756
2914,2916,2814
2814,2916,2816
2982,2882,2980
2980,2882,2880
2914,3013,2916
2916,3013,3009
3013,3038,3009
3009,3038,3040
3098,3015,3096
3096,3015,3011
3015,2982,3011
3011,2982,2980
3038,3141,3040
3040,3141,3137
3141,3162,3137
3137,3162,3164
3214,3143,3212
3212,3143,3139
3143,3098,3139
3139,3098,3096
3162,3259,3164
3164,3259,3255
3259,3276,3255
3255,3276,3278
3316,3261,3314
3314,3261,3257
3261,3214,3257
3257,3214,3212
3276,3351,3278
3278,3351,3347
3351,3387,3347
3347,3387,3383
3387,3403,3383
3383,3403,3401
3403,3389,3401
3401,3389,3385
3389,3353,3385
3385,3353,3349
3353,3316,3349
3349,3316,3314
94,96,59
59,96,63
59,63,23
23,63,27
23,27,7
7,27,9
7,9,25
25,9,29
25,29,61
61,29,65
61,65,130
130,65,128
196,198,151
151,198,155
151,155,94
94,155,96
130,128,153
153,128,157
153,157,244
244,157,242
312,314,269
269,314,273
269,273,196
196,273,198
244,242,271
271,242,275
271,275,368
368,275,366
428,430,397
397,430,401
397,401,312
312,401,314
368,366,399
399,366,403
399,403,492
492,403,490
528,530,428
428,530,430
592,492,590
590,492,490
652,654,613
613,654,617
613,617,528
528,617,530
592,590,615
615,590,623
615,623,724
724,623,722
752,754,652
652,754,654
824,724,822
822,724,722
852,854,752
752,854,754
924,824,922
922,824,822
976,978,941
941,978,945
941,945,852
852,945,854
924,922,943
943,922,947
943,947,1056
1056,947,1054
1084,1086,976
976,1086,978
1164,1056,1162
1162,1056,1054
1184,1186,1084
1084,1186,1086
1264,1164,1262
1262,1164,1162
1284,1286,1184
1184,1286,1186
1364,1264,1362
1362,1264,1262
1376,1378,1284
1284,1378,1286
1456,1364,1454
1454,1364,1362
1472,1474,1376
1376,1474,1378
1552,1456,1550
1550,1456,1454
1568,1570,1472
1472,1570,1474
1648,1552,1646
1646,1552,1550
1664,1666,1568
1568,1666,1570
1744,1648,1742
1742,1648,1646
1760,1762,1664
1664,1762,1666
1840,1744,1838
1838,1744,1742
1856,1858,1760
1760,1858,1762
1936,1840,1934
1934,1840,1838
1952,1954,1856
1856,1954,1858
2032,1936,2030
2030,1936,1934
2044,2046,1952
1952,2046,1954
2124,2032,2122
2122,2032,2030
2144,2146,2044
2044,2146,2046
2224,2124,2222
2222,2124,2122
2244,2246,2144
2144,2246,2146
2324,2224,2322
2322,2224,2222
2352,2354,2244
2244,2354,2246
2432,2324,2430
2430,2324,2322
2352,2465,2354
2354,2465,2461
2465,2484,2461
2461,2484,2486
2556,2467,2554
2554,2467,2463
2467,2432,2463
2463,2432,2430
2584,2586,2484
2484,2586,2486
2656,2556,2654
2654,2556,2554
2684,2686,2584
2584,2686,2586
2756,2656,2754
2754,2656,2654
2684,2793,2686
2686,2793,2785
2793,2816,2785
2785,2816,2818
2880,2795,2878
2878,2795,2791
2795,2756,2791
2791,2756,2754
2916,2918,2816
2816,2918,2818
2980,2880,2978
2978,2880,2878
2916,3009,2918
2918,3009,3005
3009,3040,3005
3005,3040,3042
3096,3011,3094
3094,3011,3007
3011,2980,3007
3007,2980,2978
3040,3137,3042
3042,3137,3133
3137,3164,3133
3133,3164,3166
3212,3139,3210
3210,3139,3135
3139,3096,3135
3135,3096,3094
3164,3255,3166
3166,3255,3251
3255,3278,3251
3251,3278,3280
3314,3257,3312
3312,3257,3253
3257,3212,3253
3253,3212,3210
3278,3347,3280
3280,3347,3343
3347,3383,3343
3343,3383,3379
3383,3401,3379
3379,3401,3399
3401,3385,3399
3399,3385,3381
3385,3349,3381
3381,3349,3345
3349,3314,3345
3345,3314,3312
96,98,63
63,98,67
63,67,27
27,67,33
27,33,9
9,33,11
9,11,29
29,11,35
29,35,65
65,35,69
65,69,128
128,69,126
198,200,155
155,200,159
155,159,96
96,159,98
128,126,157
157,126,161
157,161,242
242,161,240
314,316,273
273,316,277
273,277,198
198,277,200
242,240,275
275,240,279
275,279,366
366,279,364
430,432,401
401,432,405
401,405,314
314,405,316
366,364,403
403,364,407
403,407,490
490,407,488
530,532,430
430,532,432
590,490,588
588,490,488
654,656,617
617,656,625
617,625,530
530,625,532
590,588,623
623,588,627
623,627,722
722,627,720
754,756,654
654,756,656
822,722,820
820,722,720
854,856,754
754,856,756
922,822,920
920,822,820
978,980,945
945,980,951
945,951,854
854,951,856
922,920,947
947,920,953
947,953,1054
1054,953,1052
1086,1088,978
978,1088,980
1162,1054,1160
1160,1054,1052
1186,1188,1086
1086,1188,1088
1262,1162,1260
1260,1162,1160
1286,1288,1186
1186,1288,1188
1362,1262,1360
1360,1262,1260
1378,1380,1286
1286,1380,1288
1454,1362,1452
1452,1362,1360
1474,1476,1378
1378,1476,1380
1550,1454,1548
1548,1454,1452
1570,1572,1474
1474,1572,1476
1646,1550,1644
1644,1550,1548
1666,1668,1570
1570,1668,1572
1742,1646,1740
1740,1646,1644
1762,1764,1666
1666,1764,1668
1838,1742,1836
1836,1742,1740
1858,1860,1762
1762,1860,1764
1934,1838,1932
1932,1838,1836
1954,1956,1858
1858,1956,1860
2030,1934,2028
2028,1934,1932
2046,2048,1954
1954,2048,1956
2122,2030,2120
2120,2030,2028
2146,2148,2046
2046,2148,2048
2222,2122,2220
2220,2122,2120
2246,2248,2146
2146,2248,2148
2322,2222,2320
2320,2222,2220
2354,2356,2246
2246,2356,2248
2430,2322,2428
2428,2322,2320
2354,2461,2356
2356,2461,2455
2461,2486,2455
2455,2486,2488
2554,2463,2552
2552,2463,2457
2463,2430,2457
2457,2430,2428
2586,2588,2486
2486,2588,2488
2654,2554,2652
2652,2554,2552
2686,2688,2586
2586,2688,2588
2754,2654,2752
2752,2654,2652
2686,2785,2688
2688,2785,2781
2785,2818,2781
2781,2818,2820
2878,2791,2876
2876,2791,2783
2791,2754,2783
2783,2754,2752
2918,2920,2818
2818,2920,2820
2978,2878,2976
2976,2878,2876
2918,3005,2920
2920,3005,3001
3005,3042,3001
3001,3042,3044
3094,3007,3092
3092,3007,3003
3007,2978,3003
3003,2978,2976
3042,3133,3044
3044,3133,3129
3133,3166,3129
3129,3166,3168
3210,3135,3208
3208,3135,3131
3135,3094,3131
3131,3094,3092
3166,3251,3168
3168,3251,3247
3251,3280,3247
3247,3280,3282
3312,3253,3310
3310,3253,3249
3253,3210,3249
3249,3210,3208
3280,3343,3282
3282,3343,3339
3343,3379,3339
3339,3379,3373
3379,3399,3373
3373,3399,3397
3399,3381,3397
3397,3381,3375
3381,3345,3375
3375,3345,3341
3345,3312,3341
3341,3312,3310
98,100,67
67,100,75
67,75,33
33,75,37
33,37,11
11,37,31
11,31,35
35,31,39
35,39,69
69,39,77
69,77,126
126,77,124
200,202,159
159,202,165
159,165,98
98,165,100
126,124,161
161,124,167
161,167,240
240,167,238
316,318,277
277,318,281
277,281,200
200,281,202
240,238,279
279,238,283
279,283,364
364,283,362
432,434,405
405,434,413
405,413,316
316,413,318
364,362,407
407,362,415
407,415,488
488,415,486
532,534,432
432,534,434
588,488,586
586,488,486
656,658,625
625,658,633
625,633,532
532,633,534
588,586,627
627,586,635
627,635,720
720,635,718
756,758,656
656,758,658
820,720,818
818,720,718
856,858,756
756,858,758
920,820,918
918,820,818
980,982,951
951,982,955
951,955,856
856,955,858
920,918,953
953,918,957
953,957,1052
1052,957,1050
1088,1090,980
980,1090,982
1160,1052,1158
1158,1052,1050
1188,1190,1088
1088,1190,1090
1260,1160,1258
1258,1160,1158
1288,1290,1188
1188,1290,1190
1360,1260,1358
1358,1260,1258
1380,1382,1288
1288,1382,1290
1452,1360,1450
1450,1360,1358
1476,1478,1380
1380,1478,1382
1548,1452,1546
1546,1452,1450
1572,1574,1476
1476,1574,1478
1644,1548,1642
1642,1548,1546
1668,1670,1572
1572,1670,1574
1740,1644,1738
1738,1644,1642
1764,1766,1668
1668,1766,1670
1836,1740,1834
1834,1740,1738
1860,1862,1764
1764,1862,1766
1932,1836,1930
1930,1836,1834
1956,1958,1860
1860,1958,1862
2028,1932,2026
2026,1932,1930
2048,2050,1956
1956,2050,1958
2120,2028,2118
2118,2028,2026
2148,2150,2048
2048,2150,2050
2220,2120,2218
2218,2120,2118
2248,2250,2148
2148,2250,2150
2320,2220,2318
2318,2220,2218
2356,2358,2248
2248,2358,2250
2428,2320,2426
2426,2320,2318
2356,2455,2358
2358,2455,2451
2455,2488,2451
2451,2488,2490
2552,2457,2550
2550,2457,2453
2457,2428,2453
2453,2428,2426
2588,2590,2488
2488,2590,2490
2652,2552,2650
2650,2552,2550
2688,2690,2588
2588,2690,2590
2752,2652,2750
2750,2652,2650
2688,2781,2690
2690,2781,2773
2781,2820,2773
2773,2820,2822
2876,2783,2874
2874,2783,2775
2783,2752,2775
2775,2752,2750
2920,2922,2820
2820,2922,2822
2976,2876,2974
2974,2876,2874
2920,3001,2922
2922,3001,2993
3001,3044,2993
2993,3044,3046
3092,3003,3090
3090,3003,2995
3003,2976,2995
2995,2976,2974
3044,3129,3046
3046,3129,3125
3129,3168,3125
3125,3168,3170
3208,3131,3206
3206,3131,3127
3131,3092,3127
3127,3092,3090
3168,3247,3170
3170,3247,3241
3247,3282,3241
3241,3282,3284
3310,3249,3308
3308,3249,3243
3249,3208,3243
3243,3208,3206
3282,3339,3284
3284,3339,3331
3339,3373,3331
3331,3373,3369
3373,3397,3369
3369,3397,3377
3397,3375,3377
3377,3375,3371
3375,3341,3371
3371,3341,3333
3341,3310,3333
3333,3310,3308
100,102,75
75,102,79
75,79,37
37,79,43
37,43,31
31,43,41
31,41,39
39,41,45
39,45,77
77,45,81
77,81,124
124,81,122
202,204,165
165,204,177
165,177,100
100,177,102
124,122,167
167,122,179
167,179,238
238,179,236
318,320,281
281,320,289
281,289,202
202,289,204
238,236,283
283,236,291
283,291,362
362,291,360
434,436,413
413,436,417
413,417,318
318,417,320
362,360,415
415,360,419
415,419,486
486,419,484
534,536,434
434,536,436
586,486,584
584,486,484
658,660,633
633,660,639
633,639,534
534,639,536
586,584,635
635,584,641
635,641,718
718,641,716
758,760,658
658,760,660
818,718,816
816,718,716
858,860,758
758,860,760
918,818,916
916,818,816
982,984,955
955,984,967
955,967,858
858,967,860
918,916,957
957,916,969
957,969,1050
1050,969,1048
1090,1092,982
982,1092,984
1158,1050,1156
1156,1050,1048
1190,1192,1090
1090,1192,1092
1258,1158,1256
1256,1158,1156
1290,1292,1190
1190,1292,1192
1358,1258,1356
1356,1258,1256
1382,1384,1290
1290,1384,1292
1450,1358,1448
1448,1358,1356
1478,1480,1382
1382,1480,1384
1546,1450,1544
1544,1450,1448
1574,1576,1478
1478,1576,1480
1642,1546,1640
1640,1546,1544
1670,1672,1574
1574,1672,1576
1738,1642,1736
1736,1642,1640
1766,1768,1670
1670,1768,1672
1834,1738,1832
1832,1738,1736
1862,1864,1766
1766,1864,1768
1930,1834,1928
1928,1834,1832
1958,1960,1862
1862,1960,1864
2026,1930,2024
2024,1930,1928
2050,2052,1958
1958,2052,1960
2118,2026,2116
2116,2026,2024
2150,2152,2050
2050,2152,2052
2218,2118,2216
2216,2118,2116
2250,2252,2150
2150,2252,2152
2318,2218,2316
2316,2218,2216
2358,2360,2250
2250,2360,2252
2426,2318,2424
2424,2318,2316
2358,2451,2360
2360,2451,2439
2451,2490,2439
2439,2490,2492
2550,2453,2548
2548,2453,2441
2453,2426,2441
2441,2426,2424
2590,2592,2490
2490,2592,2492
2650,2550,2648
2648,2550,2548
2690,2692,2590
2590,2692,2592
2750,2650,2748
2748,2650,2648
2690,2773,2692
2692,2773,2767
2773,2822,2767
2767,2822,2824
2874,2775,2872
2872,2775,2769
2775,2750,2769
2769,2750,2748
2922,2924,2822
2822,2924,2824
2974,2874,2972
2972,2874,2872
2922,2993,2924
2924,2993,2989
2993,3046,2989
2989,3046,3048
3090,2995,3088
3088,2995,2991
2995,2974,2991
2991,2974,2972
3046,3125,3048
3048,3125,3117
3125,3170,3117
3117,3170,3172
3206,3127,3204
3204,3127,3119
3127,3090,3119
3119,3090,3088
3170,3241,3172
3172,3241,3229
3241,3284,3229
3229,3284,3286
3308,3243,3306
3306,3243,3231
3243,3206,3231
3231,3206,3204
3284,3331,3286
3286,3331,3327
3331,3369,3327
3327,3369,3363
3369,3377,3363
3363,3377,3367
3377,3371,3367
3367,3371,3365
3371,3333,3365
3365,3333,3329
3333,3308,3329
3329,3308,3306
102,104,79
79,104,43
43,104,106
43,106,71
43,71,41
41,71,48
41,48,45
45,48,73
45,73,81
81,73,118
81,118,120
81,120,122
204,206,177
177,206,181
177,181,102
102,181,137
102,137,104
104,137,106
120,118,139
122,120,179
179,120,139
179,139,183
179,183,236
236,183,234
320,322,289
289,322,297
289,297,204
204,297,206
236,234,291
291,234,299
291,299,360
360,299,358
436,438,417
417,438,320
320,438,440
320,440,322
360,358,419
419,358,480
419,480,482
419,482,484
536,538,436
436,538,503
436,503,438
438,503,440
482,480,505
584,484,582
582,484,482
582,482,505
660,662,639
639,662,536
536,662,664
536,664,538
584,582,641
641,582,712
641,712,714
641,714,716
760,762,660
660,762,735
660,735,662
662,735,664
714,712,737
816,716,814
814,716,714
814,714,737
860,862,760
760,862,762
916,816,914
914,816,814
984,986,967
967,986,860
860,986,988
860,988,862
916,914,969
969,914,1044
969,1044,1046
969,1046,1048
1092,1094,984
984,1094,1067
984,1067,986
986,1067,988
1046,1044,1069
1156,1048,1154
1154,1048,1046
1154,1046,1069
1192,1194,1092
1092,1194,1094
1256,1156,1254
1254,1156,1154
1292,1294,1192
1192,1294,1194
1356,1256,1354
1354,1256,1254
1384,1386,1292
1292,1386,1294
1448,1356,1446
1446,1356,1354
1480,1482,1384
1384,1482,1386
1544,1448,1542
1542,1448,1446
1576,1578,1480
1480,1578,1482
1640,1544,1638
1638,1544,1542
1672,1674,1576
1576,1674,1578
1736,1640,1734
1734,1640,1638
1768,1770,1672
1672,1770,1674
1832,1736,1830
1830,1736,1734
1864,1866,1768
1768,1866,1770
1928,1832,1926
1926,1832,1830
1960,1962,1864
1864,1962,1866
2024,1928,2022
2022,1928,1926
2052,2054,1960
1960,2054,1962
2116,2024,2114
2114,2024,2022
2152,2154,2052
2052,2154,2054
2216,2116,2214
2214,2116,2114
2252,2254,2152
2152,2254,2154
2316,2216,2314
2314,2216,2214
2360,2362,2252
2252,2362,2339
2252,2339,2254
2362,2364,2339
2422,2341,2420
2424,2316,2422
2422,2316,2314
2422,2314,2341
2360,2439,2362
2439,2492,2362
2362,2492,2494
2362,2494,2364
2548,2441,2546
2546,2441,2422
2546,2422,2420
2441,2424,2422
2592,2594,2492
2492,2594,2494
2648,2548,2646
2646,2548,2546
2692,2694,2592
2592,2694,2671
2592,2671,2594
2694,2696,2671
2746,2673,2744
2748,2648,2746
2746,2648,2646
2746,2646,2673
2692,2767,2694
2767,2824,2694
2694,2824,2826
2694,2826,2696
2872,2769,2870
2870,2769,2746
2870,2746,2744
2769,2748,2746
2924,2926,2824
2824,2926,2903
2824,2903,2826
2926,2928,2903
2970,2905,2968
2972,2872,2970
2970,2872,2870
2970,2870,2905
2924,2989,2926
2989,3048,2926
2926,3048,3050
2926,3050,2928
3088,2991,3086
3086,2991,2970
3086,2970,2968
2991,2972,2970
3048,3117,3050
3050,3117,3109
3117,3172,3109
3109,3172,3174
3204,3119,3202
3202,3119,3111
3119,3088,3111
3111,3088,3086
3172,3229,3174
3174,3229,3225
3229,3286,3225
3225,3286,3288
3225,3288,3269
3288,3290,3269
3304,3271,3302
3306,3231,3304
3304,3231,3227
3304,3227,3271
3231,3204,3227
3227,3204,3202
3286,3327,3288
3327,3363,3288
3288,3363,3335
3288,3335,3290
3363,3367,3335
3335,3367,3360
3367,3365,3360
3360,3365,3337
3365,3329,3337
3337,3329,3304
3337,3304,3302
3329,3306,3304
106,108,71
71,108,85
71,85,48
48,85,83
48,83,73
73,83,87
73,87,118
118,87,116
206,208,181
181,208,137
137,208,210
137,210,169
137,169,106
106,169,108
118,116,139
139,116,171
139,171,183
183,171,230
183,230,232
183,232,234
322,324,297
297,324,206
206,324,326
206,326,208
208,326,255
208,255,210
232,230,257
234,232,299
299,232,257
299,257,356
356,257,354
299,356,358
440,442,322
322,442,375
322,375,324
324,375,326
356,354,377
480,358,478
478,358,356
478,356,377
538,540,503
503,540,515
503,515,440
440,515,442
480,478,505
505,478,517
505,517,582
582,517,580
664,666,538
538,666,540
712,582,710
710,582,580
762,764,735
735,764,743
735,743,664
664,743,666
712,710,737
737,710,745
737,745,814
814,745,812
862,864,762
762,864,764
914,814,912
912,814,812
988,990,862
862,990,864
1044,914,1042
1042,914,912
1094,1096,1067
1067,1096,988
988,1096,1098
988,1098,990
1044,1042,1069
1069,1042,1150
1069,1150,1152
1069,1152,1154
1194,1196,1094
1094,1196,1171
1094,1171,1096
1096,1171,1098
1152,1150,1173
1254,1154,1252
1252,1154,1152
1252,1152,1173
1294,1296,1194
1194,1296,1196
1354,1254,1352
1352,1254,1252
1386,1388,1294
1294,1388,1296
1446,1354,1444
1444,1354,1352
1482,1484,1386
1386,1484,1388
1542,1446,1540
1540,1446,1444
1578,1580,1482
1482,1580,1484
1638,1542,1636
1636,1542,1540
1674,1676,1578
1578,1676,1580
1734,1638,1732
1732,1638,1636
1770,1772,1674
1674,1772,1676
1830,1734,1828
1828,1734,1732
1866,1868,1770
1770,1868,1772
1926,1830,1924
1924,1830,1828
1962,1964,1866
1866,1964,1868
2022,1926,2020
2020,1926,1924
2054,2056,1962
1962,2056,1964
2114,2022,2112
2112,2022,2020
2154,2156,2054
2054,2156,2056
2214,2114,2212
2212,2114,2112
2254,2256,2154
2154,2256,2235
2154,2235,2156
2256,2258,2235
2312,2237,2310
2314,2214,2312
2312,2214,2212
2312,2212,2237
2254,2339,2256
2339,2364,2256
2256,2364,2366
2256,2366,2258
2420,2341,2418
2418,2341,2312
2418,2312,2310
2341,2314,2312
2494,2496,2364
2364,2496,2366
2546,2420,2544
2544,2420,2418
2594,2596,2494
2494,2596,2496
2646,2546,2644
2644,2546,2544
2594,2671,2596
2596,2671,2663
2671,2696,2663
2663,2696,2698
2744,2673,2742
2742,2673,2665
2673,2646,2665
2665,2646,2644
2826,2828,2696
2696,2828,2698
2870,2744,2868
2868,2744,2742
2826,2903,2828
2828,2903,2891
2903,2928,2891
2891,2928,2930
2968,2905,2966
2966,2905,2893
2905,2870,2893
2893,2870,2868
3050,3052,2928
2928,3052,3031
2928,3031,2930
3052,3054,3031
3084,3033,3082
3086,2968,3084
3084,2968,2966
3084,2966,3033
3050,3109,3052
3109,3174,3052
3052,3174,3176
3052,3176,3054
3054,3176,3151
3176,3178,3151
3200,3153,3198
3202,3111,3200
3200,3111,3084
3200,3084,3153
3153,3084,3082
3111,3086,3084
3174,3225,3176
3225,3269,3176
3176,3269,3237
3176,3237,3178
3269,3290,3237
3237,3290,3292
3302,3271,3300
3300,3271,3239
3271,3227,3239
3239,3227,3200
3239,3200,3198
3227,3202,3200
3290,3335,3292
3292,3335,3321
3335,3360,3321
3321,3360,3325
3360,3337,3325
3325,3337,3323
3337,3302,3323
3323,3302,3300
108,110,85
85,110,83
83,110,112
83,112,87
87,112,114
87,114,116
210,212,169
169,212,185
169,185,108
108,185,173
108,173,110
110,173,112
112,173,163
112,163,114
114,163,175
116,114,171
171,114,175
171,175,187
171,187,230
230,187,228
326,328,255
255,328,293
255,293,210
210,293,212
230,228,257
257,228,295
257,295,354
354,295,352
442,444,375
375,444,409
375,409,326
326,409,328
354,352,377
377,352,411
377,411,478
478,411,476
540,542,515
515,542,442
442,542,544
442,544,444
478,476,517
517,476,576
517,576,578
517,578,580
666,668,540
540,668,599
540,599,542
542,599,544
578,576,601
710,580,708
708,580,578
708,578,601
764,766,743
743,766,666
666,766,768
666,768,668
710,708,745
745,708,808
745,808,810
745,810,812
864,866,764
764,866,839
764,839,766
766,839,768
810,808,841
912,812,910
910,812,810
910,810,841
990,992,864
864,992,866
1042,912,1040
1040,912,910
1098,1100,990
990,1100,992
1150,1042,1148
1148,1042,1040
1196,1198,1171
1171,1198,1098
1098,1198,1200
1098,1200,1100
1150,1148,1173
1173,1148,1248
1173,1248,1250
1173,1250,1252
1296,1298,1196
1196,1298,1275
1196,1275,1198
1198,1275,1200
1250,1248,1277
1352,1252,1350
1350,1252,1250
1350,1250,1277
1388,1390,1296
1296,1390,1298
1444,1352,1442
1442,1352,1350
1484,1486,1388
1388,1486,1390
1540,1444,1538
1538,1444,1442
1580,1582,1484
1484,1582,1486
1636,1540,1634
1634,1540,1538
1676,1678,1580
1580,1678,1582
1732,1636,1730
1730,1636,1634
1772,1774,1676
1676,1774,1678
1828,1732,1826
1826,1732,1730
1868,1870,1772
1772,1870,1774
1924,1828,1922
1922,1828,1826
1964,1966,1868
1868,1966,1870
2020,1924,2018
2018,1924,1922
2056,2058,1964
1964,2058,1966
2112,2020,2110
2110,2020,2018
2156,2158,2056
2056,2158,2131
2056,2131,2058
2158,2160,2131
2210,2133,2208
2212,2112,2210
2210,2112,2110
2210,2110,2133
2156,2235,2158
2235,2258,2158
2158,2258,2260
2158,2260,2160
2310,2237,2308
2308,2237,2210
2308,2210,2208
2237,2212,2210
2366,2368,2258
2258,2368,2260
2418,2310,2416
2416,2310,2308
2496,2498,2366
2366,2498,2368
2544,2418,2542
2542,2418,2416
2596,2598,2496
2496,2598,2567
2496,2567,2498
2598,2600,2567
2642,2569,2640
2644,2544,2642
2642,2544,2542
2642,2542,2569
2596,2663,2598
2663,2698,2598
2598,2698,2700
2598,2700,2600
2742,2665,2740
2740,2665,2642
2740,2642,2640
2665,2644,2642
2828,2830,2698
2698,2830,2807
2698,2807,2700
2830,2832,2807
2866,2809,2864
2868,2742,2866
2866,2742,2740
2866,2740,2809
2828,2891,2830
2891,2930,2830
2830,2930,2932
2830,2932,2832
2966,2893,2964
2964,2893,2866
2964,2866,2864
2893,2868,2866
2930,3031,2932
2932,3031,2997
3031,3054,2997
2997,3054,3056
3082,3033,3080
3080,3033,2999
3033,2966,2999
2999,2966,2964
3054,3151,3056
3056,3151,3113
3151,3178,3113
3113,3178,3180
3198,3153,3196
3196,3153,3115
3153,3082,3115
3115,3082,3080
3178,3237,3180
3180,3237,3221
3237,3292,3221
3221,3292,3294
3221,3294,3233
3294,3296,3233
3233,3296,3245
3296,3298,3245
3245,3298,3235
3300,3239,3298
3298,3239,3223
3298,3223,3235
3239,3198,3223
3223,3198,3196
3292,3321,3294
3321,3325,3294
3294,3325,3296
3325,3323,3296
3296,3323,3298
3323,3300,3298
212,214,185
185,214,173
173,214,216
173,216,163
163,216,218
163,218,189
163,189,175
175,189,222
175,222,224
175,224,187
187,224,226
187,226,228
328,330,293
293,330,212
212,330,332
212,332,214
214,332,285
214,285,216
216,285,251
216,251,218
224,222,253
224,253,226
226,253,287
228,226,295
295,226,287
295,287,350
350,287,348
295,350,352
444,446,409
409,446,328
328,446,448
328,448,330
330,448,379
330,379,332
350,348,381
352,350,411
411,350,381
411,381,474
474,381,472
411,474,476
544,546,444
444,546,511
444,511,446
446,511,448
474,472,513
576,476,574
574,476,474
574,474,513
668,670,599
599,670,544
544,670,672
544,672,546
576,574,601
601,574,704
601,704,706
601,706,708
768,770,668
668,770,731
668,731,670
670,731,672
706,704,733
808,708,806
806,708,706
806,706,733
866,868,839
839,868,768
768,868,870
768,870,770
808,806,841
841,806,906
841,906,908
841,908,910
992,994,866
866,994,959
866,959,868
868,959,870
908,906,961
1040,910,1038
1038,910,908
1038,908,961
1100,1102,992
992,1102,994
1148,1040,1146
1146,1040,1038
1200,1202,1100
1100,1202,1102
1248,1148,1246
1246,1148,1146
1298,1300,1275
1275,1300,1200
1200,1300,1302
1200,1302,1202
1248,1246,1277
1277,1246,1346
1277,1346,1348
1277,1348,1350
1390,1392,1298
1298,1392,1300
1300,1392,1302
1302,1392,1394
1348,1346,1440
1440,1346,1438
1442,1350,1440
1440,1350,1348
1486,1488,1390
1390,1488,1392
1392,1488,1394
1394,1488,1490
1440,1438,1536
1536,1438,1534
1538,1442,1536
1536,1442,1440
1582,1584,1486
1486,1584,1559
1486,1559,1488
1488,1559,1490
1536,1534,1561
1634,1538,1632
1632,1538,1536
1632,1536,1561
1678,1680,1582
1582,1680,1584
1730,1634,1728
1728,1634,1632
1774,1776,1678
1678,1776,1680
1826,1730,1824
1824,1730,1728
1870,1872,1774
1774,1872,1847
1774,1847,1776
1872,1874,1847
1920,1849,1918
1922,1826,1920
1920,1826,1824
1920,1824,1849
1966,1968,1870
1870,1968,1872
1872,1968,1874
1874,1968,1970
1920,1918,2016
2016,1918,2014
2018,1922,2016
2016,1922,1920
2058,2060,1966
1966,2060,1968
1968,2060,1970
1970,2060,2062
2016,2014,2108
2108,2014,2106
2110,2018,2108
2108,2018,2016
2058,2131,2060
2131,2160,2060
2060,2160,2162
2060,2162,2062
2208,2133,2206
2206,2133,2108
2206,2108,2106
2133,2110,2108
2260,2262,2160
2160,2262,2162
2308,2208,2306
2306,2208,2206
2368,2370,2260
2260,2370,2262
2416,2308,2414
2414,2308,2306
2498,2500,2368
2368,2500,2447
2368,2447,2370
2500,2502,2447
2540,2449,2538
2542,2416,2540
2540,2416,2414
2540,2414,2449
2498,2567,2500
2567,2600,2500
2500,2600,2602
2500,2602,2502
2640,2569,2638
2638,2569,2540
2638,2540,2538
2569,2542,2540
2700,2702,2600
2600,2702,2675
2600,2675,2602
2702,2704,2675
2738,2677,2736
2740,2640,2738
2738,2640,2638
2738,2638,2677
2700,2807,2702
2807,2832,2702
2702,2832,2834
2702,2834,2704
2864,2809,2862
2862,2809,2738
2862,2738,2736
2809,2740,2738
2932,2934,2832
2832,2934,2895
2832,2895,2834
2934,2936,2895
2962,2897,2960
2964,2864,2962
2962,2864,2862
2962,2862,2897
2932,2997,2934
2997,3056,2934
2934,3056,3058
2934,3058,2936
2936,3058,3027
3058,3060,3027
3078,3029,3076
3080,2999,3078
3078,2999,2962
3078,2962,3029
3029,2962,2960
2999,2964,2962
3056,3113,3058
3113,3180,3058
3058,3180,3182
3058,3182,3060
3060,3182,3121
3182,3184,3121
3121,3184,3155
3184,3186,3155
3192,3157,3190
3192,3194,3157
3157,3194,3123
3196,3115,3194
3194,3115,3078
3194,3078,3123
3123,3078,3076
3115,3080,3078
3180,3221,3182
3221,3233,3182
3182,3233,3184
3233,3245,3184
3184,3245,3219
3184,3219,3186
3245,3235,3219
3219,3235,3192
3219,3192,3190
3235,3223,3192
3192,3223,3194
3223,3196,3194
218,220,189
189,220,222
332,334,285
285,334,251
251,334,336
251,336,303
251,303,218
218,303,301
218,301,220
222,220,253
253,220,301
253,301,305
253,305,287
287,305,344
287,344,346
287,346,348
448,450,379
379,450,332
332,450,452
332,452,334
334,452,383
334,383,336
346,344,385
348,346,381
381,346,385
381,385,470
470,385,468
381,470,472
546,548,511
511,548,448
448,548,550
448,550,450
450,550,507
450,507,452
470,468,509
472,470,513
513,470,509
513,509,572
572,509,570
513,572,574
672,674,546
546,674,619
546,619,548
548,619,550
572,570,621
704,574,702
702,574,572
702,572,621
770,772,731
731,772,672
672,772,774
672,774,674
704,702,733
733,702,802
733,802,804
733,804,806
870,872,770
770,872,835
770,835,772
772,835,774
804,802,837
906,806,904
904,806,804
904,804,837
994,996,959
959,996,870
870,996,998
870,998,872
906,904,961
961,904,1034
961,1034,1036
961,1036,1038
1102,1104,994
994,1104,996
996,1104,998
998,1104,1106
1036,1034,1144
1144,1034,1142
1146,1038,1144
1144,1038,1036
1202,1204,1102
1102,1204,1175
1102,1175,1104
1104,1175,1106
1144,1142,1177
1246,1146,1244
1244,1146,1144
1244,1144,1177
1302,1304,1202
1202,1304,1204
1346,1246,1344
1344,1246,1244
1394,1396,1302
1302,1396,1304
1438,1346,1436
1436,1346,1344
1490,1492,1394
1394,1492,1396
1534,1438,1532
1532,1438,1436
1584,1586,1559
1559,1586,1490
1490,1586,1588
1490,1588,1492
1534,1532,1561
1561,1532,1628
1561,1628,1630
1561,1630,1632
1680,1682,1584
1584,1682,1586
1586,1682,1588
1588,1682,1684
1630,1628,1726
1726,1628,1724
1728,1632,1726
1726,1632,1630
1776,1778,1680
1680,1778,1682
1682,1778,1684
1684,1778,1780
1726,1724,1822
1822,1724,1820
1824,1728,1822
1822,1728,1726
1776,1847,1778
1847,1874,1778
1778,1874,1876
1778,1876,1780
1918,1849,1916
1916,1849,1822
1916,1822,1820
1849,1824,1822
1970,1972,1874
1874,1972,1876
2014,1918,2012
2012,1918,1916
2062,2064,1970
1970,2064,1972
2106,2014,2104
2104,2014,2012
2162,2164,2062
2062,2164,2064
2206,2106,2204
2204,2106,2104
2262,2264,2162
2162,2264,2231
2162,2231,2164
2264,2266,2231
2304,2233,2302
2306,2206,2304
2304,2206,2204
2304,2204,2233
2370,2372,2262
2262,2372,2264
2264,2372,2266
2266,2372,2374
2304,2302,2412
2412,2302,2410
2414,2306,2412
2412,2306,2304
2370,2447,2372
2447,2502,2372
2372,2502,2504
2372,2504,2374
2538,2449,2536
2536,2449,2412
2536,2412,2410
2449,2414,2412
2602,2604,2502
2502,2604,2571
2502,2571,2504
2604,2606,2571
2636,2573,2634
2638,2538,2636
2636,2538,2536
2636,2536,2573
2602,2675,2604
2675,2704,2604
2604,2704,2706
2604,2706,2606
2736,2677,2734
2734,2677,2636
2734,2636,2634
2677,2638,2636
2834,2836,2704
2704,2836,2787
2704,2787,2706
2836,2838,2787
2860,2789,2858
2862,2736,2860
2860,2736,2734
2860,2734,2789
2834,2895,2836
2895,2936,2836
2836,2936,2938
2836,2938,2838
2838,2938,2899
2938,2940,2899
2958,2901,2956
2960,2897,2958
2958,2897,2860
2958,2860,2901
2901,2860,2858
2897,2862,2860
2936,3027,2938
3027,3060,2938
2938,3060,3062
2938,3062,2940
2940,3062,3023
3062,3064,3023
3074,3025,3072
3076,3029,3074
3074,3029,2958
3074,2958,3025
3025,2958,2956
3029,2960,2958
3060,3121,3062
3121,3155,3062
3062,3155,3103
3062,3103,3064
3155,3186,3103
3103,3186,3188
3103,3188,3107
3190,3157,3188
3188,3157,3105
3188,3105,3107
3157,3123,3105
3105,3123,3074
3105,3074,3072
3123,3076,3074
3186,3219,3188
3219,3190,3188
336,338,303
303,338,301
301,338,340
301,340,305
305,340,342
305,342,344
452,454,383
383,454,336
336,454,456
336,456,338
338,456,340
340,456,458
340,458,421
340,421,342
342,421,462
342,462,464
344,342,385
385,342,464
385,464,466
385,466,468
550,552,507
507,552,452
452,552,554
452,554,454
454,554,519
454,519,456
456,519,499
456,499,458
464,462,501
464,501,466
466,501,521
468,466,509
509,466,521
509,521,568
568,521,566
509,568,570
674,676,619
619,676,550
550,676,678
550,678,552
552,678,629
552,629,554
568,566,631
570,568,621
621,568,631
621,631,700
700,631,698
621,700,702
774,776,674
674,776,676
676,776,678
678,776,778
700,698,800
800,698,798
802,702,800
800,702,700
872,874,835
835,874,774
774,874,876
774,876,776
776,876,831
776,831,778
800,798,833
802,800,837
837,800,833
837,833,902
902,833,900
837,902,904
998,1000,872
872,1000,874
874,1000,876
876,1000,1002
902,900,1032
1032,900,1030
1034,904,1032
1032,904,902
1106,1108,998
998,1108,1063
998,1063,1000
1000,1063,1002
1032,1030,1065
1142,1034,1140
1140,1034,1032
1140,1032,1065
1204,1206,1175
1175,1206,1106
1106,1206,1208
1106,1208,1108
1142,1140,1177
1177,1140,1240
1177,1240,1242
1177,1242,1244
1304,1306,1204
1204,1306,1206
1206,1306,1208
1208,1306,1308
1242,1240,1342
1342,1240,1340
1344,1244,1342
1342,1244,1242
1396,1398,1304
1304,1398,1306
1306,1398,1308
1308,1398,1400
1342,1340,1434
1434,1340,1432
1436,1344,1434
1434,1344,1342
1492,1494,1396
1396,1494,1398
1398,1494,1400
1400,1494,1496
1434,1432,1530
1530,1432,1528
1532,1436,1530
1530,1436,1434
1588,1590,1492
1492,1590,1494
1494,1590,1496
1496,1590,1592
1530,1528,1626
1626,1528,1624
1628,1532,1626
1626,1532,1530
1684,1686,1588
1588,1686,1655
1588,1655,1590
1590,1655,1592
1626,1624,1657
1724,1628,1722
1722,1628,1626
1722,1626,1657
1780,1782,1684
1684,1782,1751
1684,1751,1686
1782,1784,1751
1818,1753,1816
1820,1724,1818
1818,1724,1722
1818,1722,1753
1876,1878,1780
1780,1878,1782
1782,1878,1784
1784,1878,1880
1818,1816,1914
1914,1816,1912
1916,1820,1914
1914,1820,1818
1972,1974,1876
1876,1974,1878
1878,1974,1880
1880,1974,1976
1914,1912,2010
2010,1912,2008
2012,1916,2010
2010,1916,1914
2064,2066,1972
1972,2066,1974
1974,2066,1976
1976,2066,2068
2010,2008,2102
2102,2008,2100
2104,2012,2102
2102,2012,2010
2164,2166,2064
2064,2166,2066
2066,2166,2068
2068,2166,2168
2102,2100,2202
2202,2100,2200
2204,2104,2202
2202,2104,2102
2164,2231,2166
2231,2266,2166
2166,2266,2268
2166,2268,2168
2302,2233,2300
2300,2233,2202
2300,2202,2200
2233,2204,2202
2374,2376,2266
2266,2376,2343
2266,2343,2268
2376,2378,2343
2408,2345,2406
2410,2302,2408
2408,2302,2300
2408,2300,2345
2504,2506,2374
2374,2506,2376
2376,2506,2378
2378,2506,2508
2408,2406,2534
2534,2406,2532
2536,2410,2534
2534,2410,2408
2504,2571,2506
2571,2606,2506
2506,2606,2608
2506,2608,2508
2508,2608,2575
2608,2610,2575
2632,2577,2630
2634,2573,2632
2632,2573,2534
2632,2534,2577
2577,2534,2532
2573,2536,2534
2706,2708,2606
2606,2708,2608
2608,2708,2610
2610,2708,2710
2632,2630,2732
2732,2630,2730
2734,2634,2732
2732,2634,2632
2706,2787,2708
2787,2838,2708
2708,2838,2840
2708,2840,2710
2710,2840,2777
2840,2842,2777
2856,2779,2854
2858,2789,2856
2856,2789,2732
2856,2732,2779
2779,2732,2730
2789,2734,2732
2838,2899,2840
2899,2940,2840
2840,2940,2942
2840,2942,2842
2842,2942,2887
2942,2944,2887
2887,2944,2907
2944,2946,2907
2952,2909,2950
2952,2954,2909
2909,2954,2889
2956,2901,2954
2954,2901,2856
2954,2856,2889
2889,2856,2854
2901,2858,2856
2940,3023,2942
3023,3064,2942
2942,3064,3066
2942,3066,2944
2944,3066,2946
2946,3066,3068
2946,3068,2987
3068,3070,2987
2987,3070,2952
2987,2952,2950
3072,3025,3070
3070,3025,2954
3070,2954,2952
3025,2956,2954
3064,3103,3066
3103,3107,3066
3066,3107,3068
3107,3105,3068
3068,3105,3070
3105,3072,3070
458,460,421
421,460,462
554,556,519
519,556,499
499,556,558
499,558,458
458,558,560
458,560,460
462,460,501
501,460,560
501,560,562
501,562,521
521,562,564
521,564,566
678,680,629
629,680,554
554,680,682
554,682,556
556,682,558
558,682,684
558,684,643
558,643,560
560,643,637
560,637,562
562,637,645
562,645,564
564,645,692
564,692,694
566,564,631
631,564,694
631,694,696
631,696,698
778,780,678
678,780,680
680,780,682
682,780,782
682,782,739
682,739,684
694,692,741
694,741,696
696,741,794
696,794,796
798,698,796
796,698,696
876,878,831
831,878,778
778,878,880
778,880,780
780,880,843
780,843,782
796,794,845
798,796,833
833,796,845
833,845,898
898,845,896
833,898,900
1002,1004,876
876,1004,878
878,1004,880
880,1004,1006
898,896,1028
1028,896,1026
1030,900,1028
1028,900,898
1108,1110,1063
1063,1110,1002
1002,1110,1112
1002,1112,1004
1004,1112,1075
1004,1075,1006
1028,1026,1077
1030,1028,1065
1065,1028,1077
1065,1077,1138
1138,1077,1136
1065,1138,1140
1208,1210,1108
1108,1210,1110
1110,1210,1112
1112,1210,1212
1138,1136,1238
1238,1136,1236
1240,1140,1238
1238,1140,1138
1308,1310,1208
1208,1310,1210
1210,1310,1212
1212,1310,1312
1238,1236,1338
1338,1236,1336
1340,1240,1338
1338,1240,1238
1400,1402,1308
1308,1402,1310
1310,1402,1312
1312,1402,1404
1338,1336,1430
1430,1336,1428
1432,1340,1430
1430,1340,1338
1496,1498,1400
1400,1498,1463
1400,1463,1402
1402,1463,1404
1430,1428,1465
1528,1432,1526
1526,1432,1430
1526,1430,1465
1592,1594,1496
1496,1594,1498
1624,1528,1622
1622,1528,1526
1686,1688,1655
1655,1688,1592
1592,1688,1690
1592,1690,1594
1624,1622,1657
1657,1622,1718
1657,1718,1720
1657,1720,1722
1686,1751,1688
1751,1784,1688
1688,1784,1786
1688,1786,1690
1816,1753,1814
1814,1753,1720
1814,1720,1718
1753,1722,1720
1880,1882,1784
1784,1882,1786
1912,1816,1910
1910,1816,1814
1976,1978,1880
1880,1978,1943
1880,1943,1882
1978,1980,1943
2006,1945,2004
2008,1912,2006
2006,1912,1910
2006,1910,1945
2068,2070,1976
1976,2070,1978
1978,2070,1980
1980,2070,2072
2006,2004,2098
2098,2004,2096
2100,2008,2098
2098,2008,2006
2168,2170,2068
2068,2170,2070
2070,2170,2072
2072,2170,2172
2098,2096,2198
2198,2096,2196
2200,2100,2198
2198,2100,2098
2268,2270,2168
2168,2270,2170
2170,2270,2172
2172,2270,2272
2198,2196,2298
2298,2196,2296
2300,2200,2298
2298,2200,2198
2268,2343,2270
2343,2378,2270
2270,2378,2380
2270,2380,2272
2272,2380,2331
2380,2382,2331
2404,2333,2402
2406,2345,2404
2404,2345,2298
2404,2298,2333
2333,2298,2296
2345,2300,2298
2508,2510,2378
2378,2510,2380
2380,2510,2382
2382,2510,2512
2404,2402,2530
2530,2402,2528
2532,2406,2530
2530,2406,2404
2508,2575,2510
2575,2610,2510
2510,2610,2612
2510,2612,2512
2512,2612,2563
2612,2614,2563
2628,2565,2626
2630,2577,2628
2628,2577,2530
2628,2530,2565
2565,2530,2528
2577,2532,2530
2710,2712,2610
2610,2712,2612
2612,2712,2614
2614,2712,2714
2614,2714,2667
2714,2716,2667
2726,2669,2724
2726,2728,2669
2669,2728,2628
2669,2628,2626
2730,2630,2728
2728,2630,2628
2710,2777,2712
2777,2842,2712
2712,2842,2844
2712,2844,2714
2714,2844,2716
2716,2844,2846
2716,2846,2763
2846,2848,2763
2763,2848,2771
2848,2850,2771
2771,2850,2765
2850,2852,2765
2765,2852,2726
2765,2726,2724
2854,2779,2852
2852,2779,2728
2852,2728,2726
2779,2730,2728
2842,2887,2844
2887,2907,2844
2844,2907,2846
2907,2946,2846
2846,2946,2948
2846,2948,2848
2950,2909,2948
2948,2909,2850
2948,2850,2848
2909,2889,2850
2850,2889,2852
2889,2854,2852
2946,2987,2948
2987,2950,2948
684,686,643
643,686,637
637,686,688
637,688,645
645,688,690
645,690,692
782,784,739
739,784,684
684,784,786
684,786,686
686,786,688
688,786,788
688,788,690
690,788,790
692,690,741
741,690,790
741,790,792
741,792,794
880,882,843
843,882,782
782,882,884
782,884,784
784,884,786
786,884,886
786,886,788
788,886,888
788,888,790
790,888,890
790,890,792
792,890,892
794,792,845
845,792,892
845,892,894
845,894,896
1006,1008,880
880,1008,882
882,1008,884
884,1008,1010
884,1010,886
886,1010,1012
886,1012,963
886,963,888
888,963,949
888,949,890
890,949,965
890,965,892
892,965,1020
892,1020,1022
892,1022,894
894,1022,1024
1026,896,1024
1024,896,894
1112,1114,1075
1075,1114,1006
1006,1114,1116
1006,1116,1008
1008,1116,1010
1010,1116,1118
1010,1118,1071
1010,1071,1012
1022,1020,1073
1022,1073,1024
1024,1073,1130
1024,1130,1132
1026,1024,1077
1077,1024,1132
1077,1132,1134
1077,1134,1136
1212,1214,1112
1112,1214,1114
1114,1214,1116
1116,1214,1216
1116,1216,1118
1118,1216,1218
1132,1130,1232
1232,1130,1230
1132,1232,1134
1134,1232,1234
1236,1136,1234
1234,1136,1134
1312,1314,1212
1212,1314,1214
1214,1314,1216
1216,1314,1316
1216,1316,1271
1216,1271,1218
1232,1230,1273
1232,1273,1234
1234,1273,1332
1234,1332,1334
1336,1236,1334
1334,1236,1234
1404,1406,1312
1312,1406,1314
1314,1406,1316
1316,1406,1408
1334,1332,1426
1426,1332,1424
1428,1336,1426
1426,1336,1334
1498,1500,1463
1463,1500,1404
1404,1500,1502
1404,1502,1406
1406,1502,1408
1408,1502,1504
1426,1424,1522
1522,1424,1520
1428,1426,1465
1465,1426,1522
1465,1522,1524
1465,1524,1526
1594,1596,1498
1498,1596,1500
1500,1596,1502
1502,1596,1598
1502,1598,1504
1504,1598,1600
1522,1520,1618
1618,1520,1616
1522,1618,1524
1524,1618,1620
1622,1526,1620
1620,1526,1524
1690,1692,1594
1594,1692,1596
1596,1692,1598
1598,1692,1694
1598,1694,1600
1600,1694,1696
1618,1616,1714
1714,1616,1712
1618,1714,1620
1620,1714,1716
1718,1622,1716
1716,1622,1620
1786,1788,1690
1690,1788,1692
1692,1788,1694
1694,1788,1790
1694,1790,1696
1696,1790,1792
1714,1712,1810
1810,1712,1808
1714,1810,1716
1716,1810,1812
1814,1718,1812
1812,1718,1716
1882,1884,1786
1786,1884,1788
1788,1884,1790
1790,1884,1886
1790,1886,1792
1792,1886,1888
1810,1808,1906
1906,1808,1904
1810,1906,1812
1812,1906,1908
1910,1814,1908
1908,1814,1812
1882,1943,1884
1943,1980,1884
1884,1980,1982
1884,1982,1886
1886,1982,1888
1888,1982,1984
1906,1904,2002
2002,1904,2000
2004,1945,2002
2002,1945,1908
2002,1908,1906
1945,1910,1908
2072,2074,1980
1980,2074,1982
1982,2074,1984
1984,2074,2076
2002,2000,2094
2094,2000,2092
2096,2004,2094
2094,2004,2002
2172,2174,2072
2072,2174,2074
2074,2174,2076
2076,2174,2176
2076,2176,2135
2176,2178,2135
2192,2137,2190
2192,2194,2137
2137,2194,2094
2137,2094,2092
2196,2096,2194
2194,2096,2094
2272,2274,2172
2172,2274,2174
2174,2274,2176
2176,2274,2276
2176,2276,2178
2178,2276,2278
2192,2190,2292
2292,2190,2290
2192,2292,2194
2194,2292,2294
2296,2196,2294
2294,2196,2194
2272,2331,2274
2331,2382,2274
2274,2382,2384
2274,2384,2276
2276,2384,2278
2278,2384,2386
2278,2386,2335
2386,2388,2335
2398,2337,2396
2398,2400,2337
2337,2400,2292
2337,2292,2290
2402,2333,2400
2400,2333,2294
2400,2294,2292
2333,2296,2294
2512,2514,2382
2382,2514,2384
2384,2514,2386
2386,2514,2516
2386,2516,2388
2388,2516,2518
2388,2518,2443
2518,2520,2443
2443,2520,2459
2520,2522,2459
2459,2522,2445
2522,2524,2445
2445,2524,2398
2445,2398,2396
2398,2524,2400
2400,2524,2526
2528,2402,2526
2526,2402,2400
2512,2563,2514
2563,2614,2514
2514,2614,2616
2514,2616,2516
2516,2616,2518
2518,2616,2618
2518,2618,2520
2520,2618,2620
2520,2620,2522
2522,2620,2622
2522,2622,2524
2524,2622,2624
2626,2565,2624
2624,2565,2526
2624,2526,2524
2565,2528,2526
2614,2667,2616
2667,2716,2616
2616,2716,2718
2616,2718,2618
2618,2718,2620
2620,2718,2720
2620,2720,2622
2622,2720,2722
2724,2669,2722
2722,2669,2624
2722,2624,2622
2669,2626,2624
2716,2763,2718
2763,2771,2718
2718,2771,2720
2771,2765,2720
2720,2765,2722
2765,2724,2722
1012,1014,963
963,1014,949
949,1014,1016
949,1016,965
965,1016,1018
965,1018,1020
1118,1120,1071
1071,1120,1012
1012,1120,1122
1012,1122,1014
1014,1122,1016
1016,1122,1124
1016,1124,1018
1018,1124,1126
1020,1018,1073
1073,1018,1126
1073,1126,1128
1073,1128,1130
1218,1220,1118
1118,1220,1120
1120,1220,1122
1122,1220,1222
1122,1222,1124
1124,1222,1224
1124,1224,1126
1126,1224,1226
1126,1226,1128
1128,1226,1228
1230,1130,1228
1228,1130,1128
1316,1318,1271
1271,1318,1218
1218,1318,1320
1218,1320,1220
1220,1320,1222
1222,1320,1322
1222,1322,1224
1224,1322,1324
1224,1324,1226
1226,1324,1326
1226,1326,1228
1228,1326,1328
1230,1228,1273
1273,1228,1328
1273,1328,1330
1273,1330,1332
1408,1410,1316
1316,1410,1318
1318,1410,1320
1320,1410,1412
1320,1412,1322
1322,1412,1414
1322,1414,1324
1324,1414,1416
1324,1416,1326
1326,1416,1418
1326,1418,1328
1328,1418,1420
1328,1420,1330
1330,1420,1422
1424,1332,1422
1422,1332,1330
1504,1506,1408
1408,1506,1410
1410,1506,1412
1412,1506,1508
1412,1508,1414
1414,1508,1510
1414,1510,1416
1416,1510,1512
1416,1512,1418
1418,1512,1514
1418,1514,1420
1420,1514,1516
1420,1516,1422
1422,1516,1518
1520,1424,1518
1518,1424,1422
1600,1602,1504
1504,1602,1506
1506,1602,1508
1508,1602,1604
1508,1604,1510
1510,1604,1606
1510,1606,1512
1512,1606,1608
1512,1608,1514
1514,1608,1610
1514,1610,1516
1516,1610,1612
1516,1612,1518
1518,1612,1614
1616,1520,1614
1614,1520,1518
1696,1698,1600
1600,1698,1602
1602,1698,1604
1604,1698,1700
1604,1700,1606
1606,1700,1702
1606,1702,1608
1608,1702,1704
1608,1704,1610
1610,1704,1706
1610,1706,1612
1612,1706,1708
1612,1708,1614
1614,1708,1710
1712,1616,1710
1710,1616,1614
1792,1794,1696
1696,1794,1698
1698,1794,1700
1700,1794,1796
1700,1796,1702
1702,1796,1798
1702,1798,1704
1704,1798,1800
1800,1802,1704
1704,1802,1706
1706,1802,1708
1708,1802,1804
1708,1804,1710
1710,1804,1806
1808,1712,1806
1806,1712,1710
1888,1890,1792
1792,1890,1794
1794,1890,1796
1796,1890,1892
1796,1892,1798
1798,1892,1894
1798,1894,1800
1800,1894,1896
1800,1896,1802
1802,1896,1898
1802,1898,1804
1804,1898,1900
1804,1900,1806
1806,1900,1902
1904,1808,1902
1902,1808,1806
1984,1986,1888
1888,1986,1890
1890,1986,1892
1892,1986,1988
1892,1988,1894
1894,1988,1990
1894,1990,1896
1896,1990,1992
1896,1992,1898
1898,1992,1994
1898,1994,1900
1900,1994,1996
1900,1996,1902
1902,1996,1998
2000,1904,1998
1998,1904,1902
2076,2078,1984
1984,2078,1986
1986,2078,1988
1988,2078,2080
1988,2080,1990
1990,2080,2082
1990,2082,1992
1992,2082,2084
1992,2084,1994
1994,2084,2086
1994,2086,1996
1996,2086,2088
1996,2088,1998
1998,2088,2090
2092,2000,2090
2090,2000,1998
2076,2135,2078
2135,2178,2078
2078,2178,2180
2078,2180,2080
2080,2180,2082
2082,2180,2182
2082,2182,2084
2084,2182,2184
2084,2184,2086
2086,2184,2186
2086,2186,2088
2088,2186,2188
2190,2137,2188
2188,2137,2090
2188,2090,2088
2137,2092,2090
2278,2280,2178
2178,2280,2180
2180,2280,2182
2182,2280,2282
2182,2282,2184
2184,2282,2284
2184,2284,2186
2186,2284,2286
2186,2286,2188
2188,2286,2288
2290,2190,2288
2288,2190,2188
2278,2335,2280
2335,2388,2280
2280,2388,2390
2280,2390,2282
2282,2390,2284
2284,2390,2392
2284,2392,2286
2286,2392,2394
2396,2337,2394
2394,2337,2288
2394,2288,2286
2337,2290,2288
2388,2443,2390
2443,2459,2390
2390,2459,2392
2459,2445,2392
2392,2445,2394
2445,2396,2394
