1.29,2.52,2.432
1.09,2.44,1.632
1.3,2.56,1.7121
1.22,2.21,1.536
1.22,2.24,1.7441
1.22,2.4,1.6159
1.15,2.16,2.24
1.19,2.62,2.176
1.17,2.58,2.368
1.15,2.76,2.016
1.13,2.66,2.272
1.13,2.44,2.368
1.2,2.43,2.304
1.11,2.58,1.6
1.32,2.5,2.2241
1.21,2.66,1.696
1.22,2.82,2.2241
1.26,2.28,2.3841
1.26,2.36,2.5441
1.15,2.34,2.272
1.16,2.44,1.7121
1.23,2.72,2.272
1.26,2.74,1.8081
1.24,2.64,1.4559
1.24,2.3,1.3279
1.21,2.2,2.048
1.31,2.42,1.376
1.24,2.37,1.504
1.22,2.52,1.4239
1.24,2.55,2.24
1.26,2.87,1.792
1.24,2.48,2.0639
1.23,2.12,1.536
1.46,2.24,1.8081
1.35,2.18,1.632
1.18,2.68,1.9039
1.32,2.58,2.7041
1.19,2.76,1.696
1.3,2.06,2.2561
1.25,2.54,2.56
1.4,1.98,2.3839
1.28,2.12,2.1281
1.24,2.66,2.0639
1.44,2.75,1.92
1.34,2.14,2.3839
1.34,2.15,1.312
1.45,2.78,2.304
1.34,1.92,2.2241
1.36,2.08,2.2241
1.36,2.1,2.5441
1.32,2.34,2.0959
1.17,2.42,2.08
1.3,2.52,1.2959
1.32,2.44,1.7441
1.22,2.85,1.92
1.28,2.56,1.5199
1.32,2.87,1.888
1.34,2.2,2.4801
1.44,2.24,2.4481
1.46,2.36,2.5441
1.3,2.4,1.5839
1.38,2.66,1.2639
1.32,2.86,1.5839
1.46,2.04,1.6801
1.52,1.71,2.176
1.46,2.36,1.7761
1.34,2.5,2.1279
1.42,2.48,1.7121
1.28,2.6,1.8081
1.4,1.96,2.0959
1.34,2.75,1.44
1.34,2.69,2.304
1.52,1.75,1.632
1.28,2.23,1.408
1.34,2.7,2.0639
1.5,2.6,2.9281
1.32,2.71,2.592
1.58,2.11,2.496
1.44,2.63,1.472
1.38,1.94,1.5839
1.42,2.23,1.44
1.47,2.18,2.304
1.32,2.22,2.1601
1.48,2.32,2.0959
1.38,2.54,1.5199
1.36,2.44,2.6081
1.44,2.68,1.8081
1.34,1.94,1.7441
1.5,1.9,1.6159
1.36,2.26,2.0319
1.46,2.52,1.2639
1.38,2.54,1.3279
1.34,2.89,2.048
1.49,2.28,1.344
1.42,2.74,1.3279
1.42,1.82,2.0639
1.52,1.94,2.0319
1.5,1.96,1.6801
1.38,2.08,1.4879
1.34,2,2.0639
1.36,2.32,1.4239
1.39,2.34,1.216
1.47,2.52,2.624
1.43,2.52,2.688
1.44,2.66,2.7361
1.42,2.13,2.112
1.49,2.18,2.624
1.5,2.74,2.8641
1.5,2.46,2.0319
1.46,1.86,2.2561
1.56,1.84,1.7441
1.53,1.98,2.304
1.6,2.22,1.7121
1.62,2.28,2.6081
1.42,2.58,2.0319
1.56,2.44,1.2959
1.44,2.54,1.8401
1.44,2.82,1.5519
1.42,2.2,1.2639
1.54,2.64,1.2639
1.5,2.67,1.888
1.52,2.43,2.816
1.54,2.42,1.8401
1.54,2.62,1.7441
1.52,3.03,1.728
1.4,2.41,1.248
1.54,2.14,1.2639
1.58,2.6,1.4559
1.52,2.83,2.624
1.52,2.79,1.888
1.58,2.96,2.1601
1.58,2.53,0.992
1.57,2,2.528
1.62,2.04,2.8001
1.54,2.04,2.6721
1.5,2.14,2.7041
1.58,2.2,2.2239
1.5,2.76,1.1999
1.66,2.85,2.496
1.56,2.1,1.9999
1.62,2.19,1.312
1.52,2.35,1.216
1.5,2.62,2.0319
1.6,2.89,2.304
1.64,2.26,1.8401
1.72,2.82,2.6721
1.62,1.82,2.5441
1.66,1.91,2.784
1.56,2.04,1.7761
1.48,2.75,2.464
1.5,2.86,2.0319
1.49,2.94,1.888
1.61,1.72,2.048
1.56,1.9,2.3839
1.64,2.42,1.2319
1.56,2.66,2.8321
1.7,2.72,2.9281
1.7,1.92,1.7761
1.52,1.96,1.3599
1.59,2.3,2.944
1.64,2.39,2.848
1.59,2.44,2.944
1.66,2.01,1.44
1.77,1.78,1.44
1.66,1.78,1.8081
1.66,1.98,1.6481
1.6,2.2,2.7361
1.68,2.52,1.4239
1.49,2.64,1.056
1.52,2.92,1.6479
1.58,1.78,1.9679
1.72,2.1,2.9601
1.58,2.31,2.72
1.68,2.23,2.944
1.64,2.46,2.9921
1.65,2.5,1.888
1.66,2.53,2.88
1.68,2.63,2.848
1.62,2.98,2.0319
1.66,2.54,2.7361
1.76,1.87,2.592
1.72,1.95,2.72
1.56,2.08,1.4559
1.74,2.1,1.7761
1.6,2.24,2.0319
1.72,2.12,1.9999
1.62,2.7,1.2639
1.65,2.78,1.12
1.66,2.02,1.9679
1.62,2.6,1.1041
1.76,1.55,2.24
1.76,1.64,1.7761
1.78,1.83,1.632
1.62,1.78,1.6161
1.52,1.8,1.4879
1.7,1.76,2.1281
1.7,2.24,2.6721
1.58,2.83,2.752
1.62,2.9,1.7761
1.72,2.47,1.088
1.74,1.9,2.5121
1.68,2.16,0.97594
1.68,2.05,1.312
1.62,2.24,1.2319
1.72,2.48,0.87994
1.7,2.56,1.0721
1.64,2.85,1.408
1.68,2.66,1.1681
1.74,1.89,2.208
1.78,1.65,2.432
1.63,1.94,1.216
1.68,1.9,1.5199
1.67,1.94,2.56
1.66,2.28,1.9679
1.78,2.46,2.8641
1.6,2.66,0.91194
1.78,2.38,2.5441
1.74,1.92,2.1279
1.65,2.12,1.184
1.81,2.26,1.888
1.82,2.28,0.84794
1.72,2.34,2.7999
1.67,2.42,0.992
1.7,2.99,1.824
1.76,2.4,3.0881
1.78,1.88,1.2001
1.76,2.4,1.0401
1.82,1.88,2.8641
1.78,2.09,2.816
1.7,2.24,1.1359
1.77,2.76,1.056
1.8,2.83,2.784
1.74,1.78,2.3839
1.74,2.03,2.592
1.76,2.01,1.472
1.94,2.04,1.8721
1.82,2.74,2.9281
1.84,2.42,1.2959
1.68,2.96,1.9359
1.72,3.04,2.1601
1.74,1.7,1.9679
1.62,2.28,1.1679
1.86,1.84,2.3841
1.72,1.94,1.0719
1.86,2.22,2.8961
1.74,2.6,0.87994
1.72,2.87,1.184
1.7,3.03,1.632
1.84,1.72,1.3599
1.86,1.78,2.7041
1.8,1.92,1.3919
1.76,2.24,1.9999
1.88,2.16,1.9999
1.86,2.27,1.184
1.86,2.42,3.0561
1.76,2.52,1.2639
1.8,2.86,0.94394
1.8,1.76,2.0639
1.93,1.86,1.28
1.9,1.99,2.88
1.94,2.08,2.6721
1.84,3.02,2.1921
1.86,1.55,1.728
1.84,1.6,2.2561
2.04,2.06,1.3281
1.78,2.22,1.0079
1.88,2.4,1.1681
1.94,2.48,3.0881
1.82,2.94,1.4879
1.88,2.1,1.4241
1.9,1.49,2.176
1.82,1.7,2.5121
1.86,2.2,2.6081
1.88,2.6,2.9921
1.78,3,1.7439
1.78,2.95,2.592
1.84,1.7,2.7041
1.86,2.01,1.792
1.86,2.76,1.0081
1.84,2.93,1.088
1.78,1.62,2.1279
1.84,1.76,1.7441
1.88,1.82,2.5759
1.9,1.94,2.0639
1.96,1.8,2.8321
1.84,2,1.0719
1.9,2.36,1.0081
1.97,2.36,1.152
1.88,2.98,1.5199
1.78,3.13,2.144
1.82,2.44,1.0079
1.97,2.66,0.928
1.86,1.82,1.3279
1.94,1.9,2.8961
1.85,2.58,2.208
1.96,1.68,2.4481
1.88,1.8,1.9679
1.8,2.1,1.0079
1.86,2.58,1.0719
1.86,3.11,1.952
1.88,2.86,1.3919
1.93,2.36,2.24
1.96,1.86,1.6801
1.9,2.15,1.376
1.96,2.22,1.1039
1.94,2.15,1.216
1.9,2.32,1.2639
2.04,2.56,0.84794
1.94,2.58,1.5201
1.82,1.64,1.5839
1.96,1.64,1.8401
1.8,2.38,0.87994
2.02,1.61,1.664
1.92,1.61,2.592
1.96,1.7,2.6721
1.99,2.22,1.216
1.96,2.4,0.78394
1.95,2.38,1.6
1.9,2.54,2.3199
2.02,2.8,2.9601
1.98,2.81,0.896
1.92,3.03,2.016
1.94,2.78,1.2319
1.98,3.05,2.56
1.92,1.74,2.4481
1.98,1.6,2.0639
1.9,1.81,1.12
2.06,2.26,0.78394
1.98,2.34,3.1201
2.02,2.73,1.664
2,2.6,3.0241
1.87,2.84,1.184
1.94,2.88,2.8641
1.98,1.74,2.5439
1.93,2.54,1.76
1.99,2.44,1.888
2.02,1.84,1.9679
1.94,1.98,0.97594
2.1,1.88,0.94394
1.88,2.11,2.912
1.94,2.1,3.0881
2.06,2.5,0.94394
1.96,2.95,2.368
2.07,3.02,2.272
1.96,1.93,1.312
2.06,2.05,2.848
1.98,1.88,2.5759
1.9,2.42,0.78394
2.1,1.57,2.688
1.92,2,1.9679
1.92,2.1,0.91194
2,2.95,1.312
1.92,2.32,0.91194
2.04,2.54,2.8961
2,1.54,2.4481
2.06,1.63,2.112
1.96,1.58,1.4239
2,1.84,1.2319
2.01,1.84,1.792
1.96,2,1.4239
2,2.29,0.992
2.06,2.6,1.4881
2.02,2.86,2.5761
1.98,3.07,2.08
2.06,2.68,1.7759
2.11,2.76,1.984
2,1.51,1.536
1.96,1.86,1.5199
2,1.9,2.8001
1.98,1.98,1.7441
1.98,2.6,2.3199
1.94,3.11,1.824
2,2.75,0.992
2.03,2.86,2.752
2.02,2.91,2.336
2.06,2.3,2.8641
2.02,2.68,1.9999
1.98,1.72,1.4879
2.04,1.78,2.3521
2.02,2.22,3.0881
2.26,2.29,1.92
2.1,3.07,1.184
2.08,3.22,1.4561
2.13,3.08,2.784
2.1,1.76,1.8401
2.1,1.62,2.4161
2.16,1.78,1.5199
2.02,1.73,1.28
2.12,2.12,1.1999
2.14,2.2,3.0241
2.12,2.44,3.1201
2.02,3.02,1.4879
2.03,3.22,2.816
2.14,3.26,1.4561
2.2,1.94,1.8721
2.08,2.38,0.75194
1.99,3.18,1.152
2.2,2.24,1.5201
2.08,1.48,2.3519
2.22,1.56,1.2959
2.06,1.85,1.472
2.14,2,1.8081
2,2.15,1.888
2.06,2.2,1.0719
2.08,2.68,2.8961
2.18,2.67,1.952
2.12,2.9,1.9041
2.1,2.96,2.6081
2.04,3.05,1.664
2.17,3.1,2.656
2.16,1.84,1.1039
2.1,2.04,1.9999
2.04,3.07,1.92
2.24,1.46,1.7761
2.15,1.62,2.24
2.06,1.68,1.9679
2.03,3.1,1.024
2.11,3,1.92
2.06,1.62,2.3199
2.18,1.58,1.8401
2.16,1.98,2.0959
2.1,2.07,0.896
2.1,2.06,2.7681
2.02,2.29,2.24
2.22,2.5,2.1279
2.08,3.03,2.08
2.2,2.95,0.896
2.12,1.68,1.3599
2.12,3.26,2.4159
2.2,1.76,1.6801
2.06,2.68,0.75194
2.26,1.49,2.336
2.1,1.71,2.464
2.28,1.98,0.81594
2.28,2.15,0.864
2.19,2.22,0.864
2.1,2.25,1.6
2.3,2.22,2.3199
2.14,2.5,1.4881
2.12,2.88,0.94394
2.25,3.22,2.912
2.18,3.32,1.1039
2.22,1.63,1.152
2.22,2.92,2.0639
2.22,3.05,1.504
2.27,2.36,3.008
2.34,3.18,1.1041
2.28,1.39,1.568
2.12,1.76,2.0639
2.23,1.78,1.28
2.28,1.81,2.88
2.2,1.86,1.2321
2.08,1.94,1.9999
2.22,2.13,2.944
2.22,2.14,1.1999
2.21,2.34,0.768
2.14,2.36,2.9921
2.06,2.69,2.112
2.16,2.75,1.792
2.16,2.86,2.8001
2.12,3.24,1.1039
2.21,3.3,2.944
2.24,1.68,1.7441
2.16,2.88,1.1681
2.16,2.82,2.0639
2.39,2.96,1.536
2.14,3.39,1.152
2.14,1.57,1.504
2.14,2.05,1.056
2.12,2.28,2.3199
2.14,2.58,2.9921
2.12,2.5,0.78394
2.24,3.03,2.464
2.13,3.24,2.656
2.16,3.3,2.7359
2.13,3.42,2.464
2.18,1.66,2.6079
2.25,1.7,2.464
2.14,2.78,0.91194
2.3,1.61,1.408
2.08,1.47,1.632
2.04,1.78,2.9281
2.28,1.9,2.9601
2.08,1.94,2.9601
2.2,2.4,2.1919
2.29,2.44,3.04
2.18,3.05,2.24
2.16,3.05,2.432
2.23,3.18,2.4
2.24,3.22,3.0881
2.24,3.34,2.5441
2.26,3.36,2.9281
2.26,2.14,3.1841
2.16,2.41,0.928
2.26,2.58,3.1841
2.18,2.65,1.088
2.18,2.9,1.2959
2.15,1.46,2.144
2.32,1.54,1.7761
2.18,1.62,1.9679
2.24,1.52,2.6401
2.16,1.74,2.6401
2.34,1.65,1.28
2.26,2.26,2.9921
2.24,2.4,3.2161
2.25,2.92,2.24
2.14,3.1,0.87994
2.26,3.57,2.784
2.2,2.89,2.592
2.22,3.03,2.656
2.19,3.48,2.752
2.24,3.3,2.7039
2.38,1.42,2.5441
2.34,1.66,2.8001
2.22,2.01,1.888
2.26,2,2.9281
2.1,2.74,2.8321
2.28,2.92,2.9281
2.38,2.89,3.168
2.24,3.05,2.432
2.18,3.06,1.0401
2.26,1.78,2.7681
2.22,2.15,3.008
2.24,2.98,1.4239
2.32,1.56,2.4801
2.22,3.16,0.81594
2.32,1.61,2.688
2.26,1.84,0.94394
2.36,1.9,1.8721
2.32,2.48,1.7121
2.38,2.52,3.2161
2.28,2.75,1.824
2.12,3.07,1.792
2.18,3.32,2.3519
2.26,3.45,2.464
2.24,3.06,2.8001
2.26,3.26,1.1681
2.46,2.44,3.0881
2.34,1.46,1.4239
2.26,1.7,1.3599
2.4,1.96,2.8641
2.34,2.26,3.2161
2.41,2.26,2.944
2.38,2.64,2.1599
2.2,2.94,1.8081
2.38,2.97,2.944
2.17,3.06,3.072
2.36,3.08,2.2239
2.32,3.42,2.6079
2.26,2.76,1.1679
2.36,3.39,1.408
2.34,1.66,1.1039
2.3,1.99,3.104
2.38,1.63,1.856
2.26,1.78,1.6481
2.36,2.05,3.008
2.33,2.2,1.088
2.22,2.21,2.24
2.26,2.32,0.87994
2.26,2.5,0.97594
2.28,2.62,0.97594
2.39,2.74,1.984
2.37,3.34,2.72
2.28,1.4,2.0959
2.27,2.84,1.952
2.44,1.55,1.632
2.44,1.63,2.464
2.41,1.78,2.848
2.28,1.86,2.0639
2.38,1.8,2.1279
2.24,2.73,2.944
2.34,2.89,1.728
2.32,2.9,2.7681
2.3,3.1,3.0881
2.4,3.22,1.5841
2.32,3.24,0.87994
2.35,3.08,1.216
2.32,2.65,2.816
2.3,1.64,2.0639
2.3,1.8,1.0719
2.32,2.19,1.632
2.36,2.7,1.0399
2.42,2.86,0.94406
2.38,2.94,2.3839
2.28,3.02,1.3919
2.3,3.3,1.5201
2.38,2.88,0.78394
2.44,2.64,0.91206
2.44,1.78,1.8721
2.44,2.02,0.91194
2.36,2.26,3.0879
2.48,2.26,3.2161
2.44,2.93,1.312
2.3,2.98,0.81594
2.36,3,2.8321
2.41,2.96,1.152
2.39,3.1,1.44
2.46,3.22,3.0561
2.45,3.12,2.912
2.34,3.2,1.3279
2.38,3.34,2.9601
2.38,3.59,2.624
2.36,1.78,1.0079
2.36,2.5,0.75194
2.38,2.68,3.2481
2.38,3.34,2.3199
2.46,1.84,3.0241
2.34,2.32,1.5201
2.5,2.32,1.6161
2.42,2.7,2.8961
2.38,2.88,1.0719
2.44,2.9,1.3601
2.34,3.04,2.9919
2.38,3.01,1.504
2.45,3.38,1.12
2.38,2.89,2.048
2.48,1.74,2.6081
2.45,2.46,0.832
2.41,3.42,2.816
2.38,3.5,2.8961
2.38,1.67,1.472
2.44,1.58,1.2641
2.52,2.8,3.2161
2.46,2.94,1.8721
2.34,3.18,0.94394
2.4,3.02,3.2481
2.34,3.27,1.12
2.46,3.43,1.344
2.42,2.64,3.1199
2.36,2.78,1.9679
2.38,1.37,2.304
2.46,3.36,2.8001
2.38,1.35,2.432
2.5,1.48,2.5121
2.46,1.63,1.408
2.4,2.45,1.056
2.38,2.68,1.7441
2.54,2.9,0.94406
2.44,2.89,1.568
2.38,3.4,2.5119
2.46,3.33,1.536
2.42,2.53,2.944
2.3,2.84,2.8001
2.59,3.46,2.624
2.51,1.6,2.272
2.41,1.56,2.208
2.46,1.88,1.9679
2.33,1.94,0.992
2.36,2.03,1.92
2.5,2.28,0.94394
2.38,2.17,0.928
2.48,2.36,3.1841
2.46,2.4,1.0399
2.44,2.72,1.1039
2.5,2.61,3.232
2.5,2.7,2.7681
2.44,2.98,1.0081
2.42,3.16,2.2239
2.38,2.69,0.832
2.45,2.88,3.072
2.44,2.12,3.2161
2.54,2.02,3.1201
2.46,2.46,2.1919
2.52,2.52,0.94394
2.42,2.58,1.1999
2.5,2.6,1.7121
2.58,2.9,1.8721
2.61,2.82,2.88
2.4,3.31,0.928
2.4,3.55,2.464
2.54,2.71,0.992
2.5,1.62,1.8721
2.48,1.86,0.97594
2.52,1.88,1.7121
2.5,1.98,3.1841
2.58,1.47,1.312
2.38,1.68,1.9679
2.58,1.72,2.8321
2.58,2.16,1.5521
2.64,2.62,0.81594
2.46,2.79,0.8
2.52,2.8,1.8721
2.51,1.4,2.112
2.45,2.36,0.736
2.51,2.94,1.568
2.56,2.96,1.6801
2.46,3.38,2.4799
2.44,1.96,1.1359
2.48,2.72,2.0319
2.4,1.56,1.4559
2.54,1.53,1.888
2.61,1.8,1.952
2.54,2.07,0.992
2.44,2.24,2.3199
2.46,2.1,0.91194
2.57,2.4,0.96
2.49,2.6,0.96
2.44,2.66,0.78394
2.5,2.96,0.78394
2.66,2.98,1.6801
2.44,3.18,1.7121
2.54,3.31,2.496
2.56,2.44,3.3121
2.62,1.96,2.9919
2.46,3.26,0.81594
2.42,1.55,1.92
2.54,1.55,1.984
2.6,1.95,0.832
2.64,2.46,1.6801
2.6,2.64,3.3441
2.48,2.8,2.9919
2.52,2.92,1.1679
2.46,3.06,0.71994
2.54,3.04,3.2801
2.64,3.28,1.5841
2.56,1.58,1.5199
2.47,1.62,2.816
2.62,2.9,3.2801
2.46,3.27,2.912
2.48,1.68,1.0399
2.54,1.6,2.6721
2.48,1.72,1.7761
2.36,2.25,1.92
2.46,2.21,1.984
2.61,2.64,2.912
2.6,2.7,1.8401
2.5,2.9,2.0319
2.5,2.91,2.176
2.64,2.4,2.2559
2.6,3.1,1.7121
2.66,3.31,2.976
2.56,1.89,1.888
2.54,1.86,2.9601
2.66,1.48,1.5521
2.58,1.48,2.3199
2.61,1.32,2.176
2.72,1.6,1.3921
2.6,1.58,1.1679
2.6,1.6,2.9601
2.65,1.64,1.888
2.62,1.7,0.97594
2.63,1.8,3.072
2.62,2,0.75194
2.52,2.19,1.824
2.72,2.65,0.992
2.54,2.84,1.1039
2.66,3.04,0.75194
2.6,3.4,1.4881
2.54,1.43,2.592
2.56,1.74,1.1039
2.54,2.52,2.1599
2.7,1.48,1.3919
2.68,1.92,3.1201
2.56,2.14,3.2481
2.69,2.54,3.104
2.5,2.8,0.68794
2.62,2.8,0.81606
2.52,2.99,2.048
2.5,3.22,2.2879
2.58,3.45,1.152
2.6,2.36,3.3441
2.52,2.52,3.0561
2.54,3.2,0.81594
2.5,3.1,2.2239
2.52,1.41,1.728
2.66,1.55,1.76
2.62,1.6,1.4559
2.56,1.96,1.1039
2.58,2.18,2.3519
2.62,2.5,0.75194
2.62,2.8,3.1201
2.68,2.96,0.65594
2.54,1.76,1.9999
2.62,2.51,3.2
2.64,2.56,1.8721
2.61,2.94,2.24
2.65,3.32,2.688
2.62,1.48,1.9039
2.74,1.5,2.8641
2.7,1.56,1.1039
2.58,2.58,2.8641
2.68,2.97,0.992
2.54,3.16,3.1841
2.75,1.92,2.88
2.56,2.12,0.75194
2.59,2.48,2.048
2.78,2.58,1.9041
2.7,2.82,3.3441
2.72,2.82,1.8721
2.64,3.08,2.2879
2.68,3.33,0.896
2.51,3.36,0.992
2.7,3.37,1.376
2.68,2.04,3.2801
2.62,1.51,2.432
2.68,1.43,2.752
2.72,1.86,0.84794
2.68,1.96,0.97594
2.72,2.15,2.24
2.78,2.86,0.97606
2.67,3.2,2.112
2.66,3.22,1.6801
2.67,1.42,2.432
2.68,2.28,3.3121
2.64,2.82,0.68794
2.78,3.24,3.2161
2.7,1.5,2.0639
2.74,2.08,3.1841
2.66,2.19,1.792
2.7,2.23,0.768
2.68,2.28,1.5841
2.72,2.8,2.0639
2.81,3.06,2.304
2.72,3.1,3.3441
2.64,3.3,3.2161
2.8,1.37,2.368
2.8,1.74,2.9601
2.74,1.78,2.9281
2.6,2.38,0.68794
2.64,2.56,1.9999
2.72,2.36,3.3441
2.7,2.54,0.91194
2.68,2.7,1.1039
2.7,2.8,0.97606
2.76,2.98,3.3441
2.72,3.04,1.7121
2.66,3.36,1.1359
2.68,2.69,1.952
2.76,2.94,2.0319
2.66,2.94,2.0639
2.69,3.2,1.824
2.78,2.56,0.65594
2.82,1.67,1.344
2.82,2.03,3.104
2.68,2.28,2.2879
2.76,2.6,3.3121
2.8,2.74,3.3121
2.8,3.04,1.9041
2.66,3.22,2.3839
2.76,3.22,2.2241
2.82,1.52,2.9281
2.76,2.4,0.71994
2.68,2.93,1.888
2.76,2.82,1.8721
2.86,1.77,3.008
2.68,2.08,0.81594
2.82,2.52,0.94406
2.8,2.58,0.81606
2.72,2.66,0.68794
2.68,3.16,0.71994
2.8,3.32,1.7439
2.73,3.38,2.048
2.74,3.25,0.896
2.76,1.68,1.1359
2.8,2.52,3.0881
2.74,1.37,1.504
2.8,1.51,1.888
2.72,1.84,3.1201
2.76,2.3,3.1841
2.9,2.7,1.0719
2.74,2.88,1.0719
2.74,2.96,0.71994
2.76,3.06,2.0639
2.76,2.18,0.91194
2.68,1.34,1.9999
2.72,1.49,2.656
2.84,2.46,1.8081
2.76,2.78,2.0639
2.82,2.98,0.59194
2.9,3.21,2.88
2.78,3.27,3.008
2.94,3.29,2.688
2.79,2.46,2.848
2.82,1.27,2.176
2.84,1.31,2.624
2.9,1.44,2.8001
2.74,2.43,1.696
2.88,2.84,3.3441
2.86,3.1,3.3121
2.81,3.46,1.888
2.78,2.02,0.78394
2.78,3.2,2.4159
2.72,3.41,3.072
2.91,1.44,1.696
2.78,1.58,1.4559
2.92,1.55,1.088
2.82,1.68,0.97594
2.74,2.25,1.952
2.84,2.6,2.0319
2.73,2.44,1.056
2.88,2.46,3.3761
2.84,2.64,3.2481
2.84,2.72,0.59194
2.89,3.04,1.984
2.76,3.31,1.504
2.78,3.41,1.152
2.84,2.29,3.104
2.82,2.4,1.1359
2.82,3.2,0.62394
2.82,3.36,0.87994
2.8,1.31,1.984
2.85,1.54,1.344
2.84,1.8,0.97594
2.96,1.92,0.84794
2.8,2.02,2.9921
2.78,2.2,0.62394
2.76,2.2,2.3839
2.82,2.36,0.62394
2.84,2.43,3.168
2.8,2.64,1.1679
2.78,2.62,0.71994
2.98,2.9,3.4081
2.9,3.57,1.888
2.92,3.5,2.2241
2.84,1.94,3.0881
2.94,2,0.71994
2.92,2.08,3.3121
2.84,2.49,2.944
2.98,2.6,3.4081
2.92,2.8,1.8721
2.86,2.87,1.056
2.82,3.15,1.664
2.92,3.21,1.504
2.88,3.3,1.2321
2.88,1.54,1.6159
2.86,2.7,0.94406
2.92,2.66,2.0639
2.94,1.41,1.28
3.08,1.5,1.1359
2.96,1.48,1.4559
2.92,2.2,0.78394
2.92,2.43,2.24
2.96,2.45,3.072
2.88,3.08,0.65594
2.9,3.14,2.2561
2.86,3.25,2.592
2.84,3.53,2.016
2.86,1.68,1.5199
2.84,3.37,1.088
2.94,1.32,2.5121
2.94,2.9,2.4479
2.92,2.26,1.5521
3.02,2.18,1.5201
2.94,2.28,0.62394
2.88,2.2,3.3441
2.9,2.19,2.368
2.94,2.38,3.2799
2.96,2.85,1.088
2.82,2.82,1.1359
2.9,2.5,2.6721
2.92,2.52,0.62394
3,2.94,2.1921
2.84,1.36,1.9039
2.9,1.32,2.0639
2.96,1.68,3.1521
2.98,2.09,2.944
3.08,2.31,2.368
2.88,2.27,1.952
2.92,2.33,2.88
2.92,2.53,1.088
2.98,2.62,1.1039
2.94,3.12,2.3839
2.96,3.25,3.072
2.94,3.23,1.28
2.92,3.43,0.896
2.88,2.53,0.768
2.98,2.74,0.94406
3.02,1.15,2.176
2.9,1.28,2.3201
2.97,2.42,2.816
2.96,2.36,3.3441
2.98,2.56,0.91206
3.08,2.88,2.1601
2.96,3,2.3199
2.9,3.34,2.3521
2.96,3.57,2.08
2.96,1.46,2.5121
3,2.02,2.8641
3.08,2.68,2.1599
2.94,2.76,0.59194
3.06,1.35,1.376
3.08,1.58,2.9921
2.98,1.76,1.1359
2.95,1.8,0.96
3.02,1.86,3.0241
3,2.16,3.2801
2.94,2.34,3.0881
2.9,2.48,2.1599
2.9,3.24,2.3201
2.98,3.22,2.5759
3.02,1.84,0.81594
3,1.93,3.168
3.04,2.12,0.62394
3.04,2.24,0.78394
2.96,2.26,3.2159
3,2.42,2.4479
2.95,2.46,1.088
2.98,2.58,0.87994
3.02,2.67,0.8
3.04,2.61,0.64
2.96,2.64,1.8721
3,2.8,2.0319
2.93,2.86,2.368
3.07,3.12,1.6
2.94,3.11,1.664
2.98,3.24,0.71994
3.01,3.32,0.832
2.92,3.28,1.6479
3.01,3.78,2.016
3.04,1.3,1.9679
3.04,1.27,1.824
2.9,1.76,3.1841
2.9,2.58,0.94406
3.1,2.78,2.3839
3.06,2.84,3.3761
3.06,3.22,0.68794
2.95,3.6,1.984
3,2.5,0.84794
3.04,2.86,0.55994
3.02,3.1,1.7759
3.06,1.72,3.0241
3.06,1.4,2.4801
3.08,1.41,2.72
2.93,1.62,2.912
3.12,1.9,3.2481
3.02,2.17,1.728
3.1,2.34,3.3441
3,2.48,1.7441
3.04,2.68,1.8081
2.84,2.9,0.75194
3.04,2.94,1.6161
3,3.23,3.2
3.08,3.56,2.1601
3.04,2.08,3.1841
3.14,2.52,3.3761
3.05,3.9,2.048
3,1.49,2.656
3.1,1.65,1.056
3.1,2.64,3.4081
3.04,2.63,1.12
3.05,2.78,2.24
2.96,2.72,1.1999
3.15,2.82,1.888
3.16,2.7,3.3761
3.18,3.04,0.55994
3.1,3.18,3.3121
3.06,3.42,1.6479
3,1.67,0.96
3.04,2.44,0.68794
3.08,2.98,2.3519
3.14,3.02,3.3441
3.1,1.86,0.81594
3.16,2.24,3.3441
2.98,3.12,0.68794
3.06,3.23,1.056
3.09,3.1,1.632
3.07,3.3,0.96
2.96,1.33,1.504
3.04,2.49,1.088
3.1,2.52,1.2639
3.09,2.82,2.592
3.08,1.2,2.3201
3.2,1.29,1.888
3.15,1.58,2.944
3.12,1.89,3.072
3.12,2.11,0.768
3.16,2.26,0.65594
3.1,2.44,1.5521
3.07,2.52,0.992
3.16,2.48,1.2639
3.16,2.56,0.81594
3.03,2.9,1.664
3.04,3.04,3.3761
3.08,3.78,1.8719
3.22,3.88,1.9039
3.08,4.08,2.0961
3,1.34,1.6479
3.16,2.86,2.0639
3.16,2.28,1.8079
3.04,2.35,2.016
3.14,2.44,3.3121
3.22,2.39,1.152
3.14,2.66,1.8081
3.14,2.98,2.1281
3.12,3.25,1.408
2.98,3.35,1.184
3.04,3.56,1.9039
3.18,3.7,2.2561
3.08,3.18,2.5119
3.06,3.28,1.6479
3.09,3.34,2.496
3.11,1.6,1.344
3.14,1.87,2.944
3.16,1.13,2.176
3.18,1.43,1.632
3.1,2,0.78394
3.12,2.46,0.68794
3.26,2.94,2.0639
3.06,2.93,1.76
3.14,4.02,1.9039
3.07,4.24,2.048
3.04,2.32,2.4799
3.04,3.26,2.3521
3.14,3.4,2.8321
3.1,1.84,3.0241
3.22,2.88,2.5121
3.24,3.14,1.8721
3.14,1.82,0.94394
3.11,2.54,2.4
3.18,2.6,1.6801
3.38,2.68,3.3761
3.08,2.8,0.65594
3.16,3.16,1.6479
3.18,3.13,2.176
3.14,3.24,2.1921
3.15,3.38,2.656
3.14,3.3,2.7039
3.2,3.42,1.3599
3.18,4.12,2.1281
3.18,2.91,1.792
3.11,3.52,2.4
3.22,1.44,2.6081
3.28,2.76,2.4481
3.16,1.44,1.7439
3.28,2.46,1.4561
3.3,2.8,3.3761
3.18,2.9,2.7359
3.15,3.18,2.016
3.26,3.6,2.2881
3.25,3.64,2.432
3.2,3.64,1.8399
3.16,4.22,1.9039
3.18,2.97,1.632
3.22,3.01,2.24
3.21,3.52,2.56
3.16,3.04,1.4881
3.14,1.26,2.3201
3.16,1.68,1.4559
3.26,2.03,0.864
3.26,2.37,2.4
3.18,2.74,0.59194
3.28,2.8,0.68794
3.16,2.87,1.44
3.16,2.92,1.2321
3.12,3.18,1.8079
3.22,3.28,1.7761
3.22,3.33,1.088
3.05,3.28,2.912
3.22,3.4,2.8321
3.18,1.54,1.4239
3.2,1.98,0.97594
3.18,2.08,1.0719
3.21,2.5,2.112
3.14,2.9,0.55994
3.23,3.62,2.752
3.39,3.58,1.344
3.25,3.66,1.632
3.17,3.72,2.688
3.12,2.02,3.2801
3.2,2.59,0.992
3.26,2.8,1.8081
3.12,3.04,2.3839
3.26,3.04,1.5201
3.28,3.48,1.8721
3.2,4.29,2.016
3.36,1.44,2.7041
3.18,1.61,1.216
3.28,1.62,0.97594
3.21,1.66,2.944
3.14,2.87,2.112
3.23,2.94,1.376
3.3,2.94,3.2801
3.19,3,1.888
3.1,3.1,2.4159
3.24,3.21,1.568
3.26,3.52,1.4879
3.15,3.4,1.504
3.26,3.58,2.1919
3.28,3.85,2.208
3.16,2.64,2.2559
3.24,3.18,2.1599
3.18,3.35,0.928
3.13,3.28,1.472
3.17,3.66,2.56
3.27,3.86,2.4
3.19,3.74,2.368
3.21,3.56,2.016
3.2,1.72,2.8001
3.27,1.64,1.568
3.24,1.9,3.2161
3.24,2.1,3.2801
3.19,2.14,0.864
3.3,2.5,2.2561
3.28,2.81,1.568
3.26,2.82,2.2239
3.24,2.84,1.3281
3.18,3.13,1.664
3.16,3.24,0.71994
3.24,3.5,3.0241
3.19,3.84,1.664
3.18,2.58,2.5759
3.29,3.86,2.048
3.36,1.32,1.8081
3.31,1.26,2.368
3.27,1.3,1.696
3.32,1.45,1.408
3.22,1.6,2.7041
3.16,1.68,0.87994
3.16,2.17,1.632
3.3,2.22,0.62394
3.18,2.62,0.62394
3.24,2.7,2.6719
3.28,2.85,2.272
3.3,3.04,3.2801
3.26,3.04,1.6799
3.32,3.2,3.2161
3.19,3.54,1.664
3.23,3.72,2.048
3.32,3.72,2.8961
3.3,2.74,1.6799
3.14,3.37,3.008
3.28,3.95,2.336
3.25,2.74,1.472
3.32,2.84,1.6159
3.27,2.98,1.696
3.36,1.34,2.5761
3.24,1.46,1.6479
3.24,1.68,1.3921
3.32,1.9,3.2481
3.24,2,0.91194
3.28,2.2,3.2481
3.36,2.4,3.3121
3.26,2.72,2.1919
3.38,2.98,2.2241
3.4,3.33,1.152
3.26,3.29,3.072
3.22,3.29,2.784
3.3,3.72,1.8081
3.41,3.74,1.888
3.24,3.78,1.8399
3.4,3.91,1.44
3.16,3.98,2.1601
3.28,2.52,1.1999
3.3,2.62,1.8079
3.34,3.08,2.0959
3.22,3.58,1.8079
3.23,3.68,1.344
3.38,3.92,1.9041
3.32,1.78,0.87994
3.28,2.47,0.96
3.3,2.55,0.704
3.24,2.91,2.496
3.32,1.17,2.208
3.22,1.9,2.9601
3.3,2.3,3.3121
3.38,2.46,2.3201
3.28,2.5,1.9039
3.3,2.67,2.016
3.32,2.72,1.8401
3.24,3.1,2.1599
3.36,3.04,1.9041
3.22,3.31,1.28
3.36,3.33,3.04
3.26,3.02,0.68794
3.35,3.22,1.984
3.32,1.94,0.91194
3.36,2.86,1.7761
3.32,3.28,0.81594
3.32,1.57,2.848
3.3,2.03,1.664
3.39,2.1,1.152
3.36,2.08,3.2801
3.2,2.36,0.65594
3.14,2.44,2.5439
3.42,2.85,2.624
3.39,2.9,2.176
3.26,3.06,2.4799
3.22,3.44,2.1599
3.26,3.54,2.2879
3.39,2.98,2.4
3.3,3.02,2.0959
3.19,3.76,1.536
3.38,1.7,2.8961
3.27,1.9,1.728
3.3,1.97,2.976
3.38,2.86,3.3121
3.38,3.18,0.65594
3.33,3.16,1.536
3.3,3.24,2.1279
3.24,3.51,2.848
3.28,3.93,1.728
3.28,2.06,1.1039
3.26,3,2.6079
3.44,3.04,3.2481
3.33,1.66,1.312
3.4,1.21,1.632
3.4,1.84,1.8719
3.16,2.22,1.5201
3.3,2.6,1.4241
3.46,2.62,0.62394
3.4,2.76,0.75194
3.33,3.46,2.016
3.38,3.64,1.1999
3.42,3.58,3.0881
3.34,3.8,1.9361
3.3,3.6,1.8081
3.34,3.84,2.8641
3.39,1.76,1.024
3.4,2.15,1.024
3.48,3.16,1.3921
3.44,1.28,1.4879
3.34,1.74,3.0241
3.32,1.92,1.7759
3.44,2.06,1.0719
3.46,2.76,2.4481
3.36,2.86,2.3519
3.32,3,1.6481
3.24,3.34,1.8721
3.28,3.36,1.3919
3.38,3.34,2.9601
3.36,3.5,2.9281
3.34,3.66,2.0319
3.3,3.78,2.1279
3.48,3.99,1.696
3.39,1.48,1.504
3.36,3.99,2.272
3.42,1.68,1.5839
3.38,1.53,1.184
3.46,1.7,2.8641
3.29,2.02,1.248
3.35,2.34,1.056
3.34,2.6,3.3121
3.16,1.16,2.0319
3.4,1.45,1.792
3.52,1.46,2.7681
3.42,1.44,1.6159
3.44,1.52,2.7681
3.33,1.8,1.792
3.36,1.84,1.1359
3.46,1.95,0.96
3.3,2.04,0.75194
3.34,2.1,0.75194
3.47,2.46,2.496
3.36,2.46,2.5759
3.44,3.04,1.7439
3.45,3.32,2.048
3.4,3.48,1.3279
3.44,3.44,1.8081
3.43,3.7,1.984
3.48,3.84,2.8961
3.44,3.95,2.688
3.3,3.15,2.432
3.36,1.86,1.6481
3.46,2.56,1.9041
3.4,1.87,3.072
3.34,2.54,0.94394
3.28,2.68,0.59194
3.44,2.88,1.2961
3.46,3.08,0.62394
3.46,3.17,1.632
3.41,3.42,2.176
3.32,3.78,1.2319
3.44,3.79,2.016
3.48,1.81,3.04
3.38,1.93,0.992
3.42,2.52,3.2801
3.42,2.86,0.55994
3.36,1.21,2.112
3.56,1.49,1.344
3.4,1.64,1.0079
3.4,1.81,1.088
3.26,2.92,0.59194
3.36,2.99,2.048
3.56,2.94,3.2801
3.38,3.22,3.2481
3.5,3.76,1.1999
3.48,3.74,2.9921
3.5,3.94,1.2639
3.42,2.62,2.1599
3.56,1.29,2.24
3.5,2.12,3.2481
3.41,1.62,1.344
3.44,2.23,0.96
3.42,2.29,2.016
3.48,2.43,0.768
3.41,2.34,0.928
3.4,2.7,1.7119
3.48,2.93,1.92
3.51,3.44,1.888
3.54,3.38,2.9601
3.36,3.91,2.528
3.48,2.36,1.9361
3.38,3.04,1.5201
3.38,3.28,0.84794
3.36,3.14,1.6479
3.53,1.76,1.728
3.48,1.81,1.728
3.52,1.85,0.992
3.44,2.07,1.28
3.42,2.32,0.71994
3.46,2.42,1.1999
3.48,2.4,2.0959
3.54,2.52,1.3921
3.54,2.46,1.7439
3.42,2.78,1.8081
3.54,3.16,0.65594
3.45,3.5,1.152
3.54,3.95,2.432
3.48,3.97,2.24
3.45,1.74,1.248
3.5,2.82,2.6719
3.42,3,2.1921
3.52,3.33,1.152
3.48,1.4,1.9679
3.61,1.38,1.856
3.48,1.32,1.8401
3.58,1.81,2.944
3.5,2.6,2.0959
3.6,2.58,3.2801
3.4,2.87,1.472
3.48,3.01,1.408
3.54,3.08,1.8399
3.52,3.48,0.94394
3.34,2.23,1.6
3.56,2.42,3.2481
3.6,2.68,3.2801
3.56,3.3,2.8961
3.42,1.8,1.9999
3.5,1.95,1.696
3.5,1.89,0.832
3.6,2.1,1.1681
3.49,2.58,2.528
3.5,2.68,1.3281
3.38,2.76,2.2559
3.54,2.88,0.62394
3.56,3,2.0961
3.5,3.09,2.336
3.58,3.84,1.1679
3.58,3.12,1.5841
3.51,1.38,1.696
3.5,1.98,3.2161
3.46,2.54,0.65594
3.45,1.98,1.408
3.56,2.06,3.1201
3.42,2.14,0.68794
3.58,2.28,0.75194
3.62,2.61,2.016
3.6,2.78,2.6399
3.46,2.88,2.2559
3.52,2.94,1.5199
3.58,2.88,1.7441
3.5,3.29,1.376
3.5,3.32,2.9921
3.54,3.6,0.97594
3.48,3.92,1.9361
3.64,1.93,2.944
3.54,3.04,0.65594
3.46,1.36,1.4559
3.65,1.72,1.248
3.58,1.82,1.8719
3.56,1.74,2.7361
3.52,2.15,1.344
3.48,2.3,3.2481
3.68,2.26,3.1841
3.57,2.44,2.016
3.68,2.64,1.9681
3.52,2.76,0.65594
3.56,2.74,1.9041
3.44,3,2.4479
3.46,3.39,1.056
3.52,3.81,2.048
3.6,3.97,2.784
3.56,1.58,1.9039
3.53,1.62,1.696
3.6,3.05,1.952
3.56,1.86,1.6161
3.48,1.95,1.28
3.64,1.96,1.0401
3.52,2.24,0.78394
3.6,2.16,3.2161
3.38,2.36,1.7439
3.6,2.95,1.344
3.66,3.88,2.8641
3.52,2.38,0.94394
3.62,1.92,1.5199
3.68,2.58,3.2161
3.54,1.64,1.1679
3.54,1.84,1.1679
3.68,1.86,0.87994
3.64,2,3.1521
3.62,2.54,0.68794
3.6,2.52,1.6479
3.66,2.98,2.2879
3.64,3.02,0.68794
3.58,3.06,2.3519
3.58,3.33,0.928
3.54,4.01,1.44
3.58,3.99,1.6
3.52,2.96,1.7121
3.56,3.7,1.0719
3.66,1.88,2.8001
3.68,2.76,3.2161
3.62,3.9,2.2559
3.7,1.33,2.208
3.62,1.34,2.0639
3.58,1.29,2.432
3.62,1.54,2.8001
3.56,1.64,1.9999
3.52,2,0.78394
3.64,2.4,0.71994
3.6,2.44,1.4561
3.54,2.72,1.6799
3.8,2.82,1.3921
3.66,3.02,1.7441
3.54,3.22,3.2161
3.66,3.05,2.08
3.5,3.24,0.71994
3.7,3.36,1.1039
3.52,3.6,3.0881
3.72,3.74,2.9921
3.68,1.38,1.7441
3.65,1.72,1.824
3.58,1.82,1.4879
3.64,2.58,1.3921
3.52,3.42,1.2319
3.5,1.29,1.6
3.7,1.52,1.8081
3.58,1.62,1.6161
3.74,1.81,1.152
3.65,1.94,1.248
3.68,2.01,1.408
3.68,3.15,2.4
3.62,3.48,0.94394
3.7,3.46,3.1201
3.68,2.1,0.87994
3.72,3.14,3.1201
3.56,1.54,1.4879
3.66,1.62,1.9999
3.66,4.01,2.528
3.68,1.86,1.0721
3.64,1.42,1.4879
3.66,1.5,1.9679
3.68,1.74,2.8641
3.78,2.36,0.78394
3.66,2.5,0.91194
3.68,2.8,2.0959
3.74,3.25,3.008
3.66,3.3,2.9601
3.78,3.44,1.0399
3.68,3.68,2.9601
3.62,3.74,2.2559
3.64,2.02,0.91194
3.69,2.44,1.568
3.72,2.84,1.9361
3.58,2.8,2.2239
3.64,4.05,1.408
3.76,1.42,1.6481
3.8,1.56,2.7041
3.62,1.64,1.3599
3.64,2.68,0.65594
3.7,2.86,3.0881
3.66,2.84,1.5519
3.78,2.95,1.504
3.72,3.12,2.1599
3.74,3.3,2.8641
3.7,3.36,2.9601
3.68,3.8,1.1679
3.7,3.76,1.9041
3.64,3.94,1.1999
3.68,1.88,1.4879
3.74,3,1.8401
3.64,3.94,1.7761
3.74,1.56,1.2639
3.77,1.56,1.504
3.8,1.87,2.848
3.7,2.38,3.2161
3.7,2.98,3.1521
3.86,3.08,3.0881
3.72,3.76,2.2239
3.77,3.96,1.28
3.76,3.92,1.8401
3.74,1.72,1.2639
3.75,3.02,2.112
3.78,1.9,1.0399
3.82,3.44,2.9601
3.78,1.41,2.464
3.68,1.55,1.536
3.76,1.62,2.8001
3.8,2.1,3.0881
3.84,2.3,3.0881
3.76,2.56,0.75194
3.68,2.64,1.5839
3.74,2.7,2.1599
3.7,2.77,1.92
3.66,2.94,0.68794
3.66,3.67,2.112
3.64,3.7,1.1039
3.84,3.71,1.984
3.8,1.68,1.9041
3.76,1.56,1.6481
3.78,1.71,1.44
3.75,3.14,1.952
3.82,2.52,3.0561
3.86,2.94,3.1521
3.76,2.97,2.208
3.82,3.14,1.6801
3.78,3.85,2.784
3.81,2.6,2.08
3.78,3.21,1.92
3.82,2.92,1.9681
3.8,1.79,2.016
3.84,1.94,1.2001
3.96,1.91,1.312
3.86,2.64,3.1201
3.82,2.72,3.1201
3.77,3.36,1.28
3.74,3.36,1.0719
3.72,3.95,2.656
3.7,4.03,1.568
3.78,2.9,0.81594
3.8,3.76,1.2319
3.74,3.95,2.528
3.78,1.92,1.3599
3.8,1.94,2.7361
3.8,2.06,1.5519
3.85,2.7,0.832
3.75,1.74,1.6
3.95,1.74,2.752
3.79,1.86,1.472
3.7,2.22,0.84794
3.82,2.74,1.5839
3.73,2.7,1.024
3.78,2.76,1.8401
3.82,3.15,1.824
3.84,3.3,2.6721
3.84,3.41,1.344
3.7,3.54,3.0561
3.68,3.18,0.75194
3.82,1.83,1.664
3.74,1.83,2.944
3.76,2,3.0241
3.78,2.02,0.84794
3.72,2.68,0.68794
3.86,2.92,1.4561
3.83,2.82,2.048
3.88,3.15,2.08
3.78,3.58,1.0079
3.83,3.6,2.912
3.75,2.62,1.472
3.93,1.7,1.888
3.8,2.16,0.81594
3.76,3.06,2.3839
3.8,3.13,2.208
3.88,3.25,1.312
3.86,3.46,3.0241
3.82,3.84,1.1679
3.96,2.8,1.5201
3.92,3.3,2.7361
3.82,1.54,1.7121
3.92,1.94,2.8321
3.98,3.64,2.7361
3.9,1.7,1.3279
3.79,2.06,0.96
3.96,2.38,3.0561
3.84,2.68,1.0079
3.9,3.88,1.9041
3.78,3.93,1.632
3.92,3.64,1.1999
3.82,3.93,1.408
3.92,1.61,1.44
3.91,1.64,2.688
3.86,2.03,1.504
3.91,2.12,1.056
3.82,2.2,1.0719
3.86,2.5,0.75194
3.9,2.5,0.91194
3.74,2.77,0.8
3.92,3.18,1.0719
3.88,3.16,1.7121
3.86,3.26,1.4881
3.94,3.5,1.1359
3.88,2.14,1.2319
3.91,1.56,2.56
3.89,1.96,2.944
3.78,1.66,2.0639
4.02,1.7,2.0001
3.94,2.74,3.0241
3.98,2.96,3.0561
3.86,3.2,3.0561
3.88,3.72,2.1919
3.92,3.86,1.3279
3.88,2.92,2.1279
3.92,3.86,2.3839
3.9,2.14,3.0561
4,3.24,1.9681
3.97,1.56,2.336
3.96,1.88,1.5519
4,2.44,0.91194
3.92,2.8,1.6479
3.95,3,2.08
3.9,3.33,1.632
3.91,3.28,2.112
3.97,3.54,2.08
3.9,3.42,1.9041
3.86,3.5,1.1359
3.97,3.2,1.792
3.96,1.55,1.696
3.92,2.54,1.0399
3.97,3.2,2.944
3.76,3.88,2.3199
3.9,3.89,2.56
3.92,3.78,1.3279
4.09,3.5,2.688
4.06,1.79,1.248
4.08,2.1,2.8961
3.9,2.18,0.97594
4.02,2.66,0.97594
3.92,2.48,3.0881
3.96,2.76,0.84794
3.8,3.1,0.91194
4,3.36,1.3919
3.89,3.38,2.112
3.96,3.66,2.0641
4,1.92,2.4161
3.94,2.95,1.6
3.84,2.92,0.78394
4.04,3.08,2.9601
3.92,3.16,2.2879
3.9,3.34,2.8321
3.94,3.61,2.112
3.86,3.97,1.76
3.94,2.36,0.91194
3.86,1.72,2.0321
4.02,1.8,1.5199
3.95,2.04,1.12
3.88,1.81,1.088
4,2,1.5839
4.02,2.04,1.8399
4.08,3.16,2.0321
4.02,3.31,1.344
3.96,3.72,2.7361
4.04,3.74,2.0321
4.08,1.72,2.5441
3.94,3.33,1.184
3.96,2.26,3.0561
4.08,3.34,1.7761
4,3.78,2.3519
4.08,2.82,2.9921
4.07,1.62,1.632
4.09,3.34,2.528
3.9,3.97,1.568
4.04,1.65,2.336
4.08,1.98,1.7121
4.06,2.9,0.97594
4.04,3.35,1.536
4.14,2.98,2.8961
4.1,1.91,2.4
3.97,1.98,1.12
4.05,2.06,2.592
4.1,2.12,2.5121
3.98,2.06,1.6801
4.08,2.3,2.9281
4.05,2.78,0.96
4.04,2.92,1.7759
3.99,3.26,2.464
4,3.38,2.1919
4.09,3.42,2.56
4.06,3.6,1.9681
3.95,3.26,1.76
3.98,1.84,2.8641
4,1.92,2.7681
4.1,1.98,2.5441
4.16,2.3,1.0079
4.09,1.78,1.76
4.2,1.84,1.6801
4.04,2.28,1.0079
4.06,2.86,1.5841
4.04,3.27,2.304
4.02,3.28,2.5761
4.06,3.23,1.664
4.09,3.66,2.56
4.15,3.46,2.24
4.05,3.68,1.376
4.13,1.94,2.08
4.02,2.16,0.97594
4.13,2.14,2.624
4.06,2.74,1.1359
4,3.08,0.94394
4.07,1.76,2.304
3.98,2.18,2.9281
4.12,3.18,1.1679
4.13,3.58,2.304
4.15,3.56,1.792
3.98,1.77,2.08
4.08,1.92,1.4561
4.17,2.08,2.752
4.17,1.98,1.216
4.16,2.15,1.248
4.07,2.2,1.152
4.12,2.81,1.728
4.12,3.18,2.7681
4.09,3.48,2.464
4.09,3.46,1.376
4.13,3.7,1.888
4.06,1.89,2.528
4.22,2.22,1.9039
4.18,2.28,2.7681
4.2,3.08,1.1999
4.04,3.36,1.9681
4.17,3.54,1.536
4.1,3.52,2.0001
4.08,1.74,1.4879
4.23,1.9,1.888
4.23,1.88,2.368
4.31,1.92,1.568
4.08,1.88,1.1679
4.11,2.04,2.016
4.18,2.14,1.5201
4.1,2.44,1.0399
4.15,3.66,1.632
4.18,1.73,1.6
4.19,2.12,1.696
4.18,2.58,2.8961
4.04,2.56,2.9921
4.19,2.78,2.88
4.22,1.96,1.4879
4.16,2.95,1.728
4.14,3,1.0719
4.19,1.94,2.208
4,1.9,1.8399
4.08,3.16,2.1599
4.12,3.38,1.6479
4.2,2,1.7121
4.2,2.34,1.1999
4.1,3.28,2.5439
4.26,1.88,1.5199
4.16,2.08,1.8079
4.16,2.06,1.2959
4.2,2.7,1.1679
4.24,2.94,2.8321
4.33,2.12,2.496
4.18,2.21,1.76
4.24,2.24,2.0321
4.26,2.66,2.7041
4.2,2.86,1.0719
4.22,3.14,2.8321
4.18,3.3,1.8401
4.19,1.98,2.432
4.25,2.06,2.208
4.33,2.12,1.984
4.26,2.37,2.592
4.27,2.06,1.472
4.23,1.98,1.92
4.3,2.19,2.304
4.32,2.17,1.344
4.18,2.19,1.376
4.13,2.24,2.112
4.18,2.56,1.0399
4.22,3.31,1.44
4.22,3.27,2.56
4.17,3.44,1.728
4.31,2.3,1.568
4.29,2.44,2.144
4.36,3.18,2.6721
4.2,3.27,2.464
4.28,3.3,2.0641
4.31,2.26,1.792
4.2,2.42,2.8001
4.24,2.8,2.7681
4.23,2.1,2.368
4.26,2.76,1.1679
4.26,3.41,1.856
4.25,2.18,1.792
4.29,2.22,2.496
4.36,2.56,2.0641
4.28,3.08,2.8001
4.2,3.25,2.048
4.26,2.32,1.1359
4.24,3.16,1.1999
4.37,2.32,1.664
4.35,2.46,2.464
4.28,3.31,2.208
4.28,2.58,2.6081
4.26,2.64,1.1359
4.23,2.32,2.08
4.37,2.3,2.304
4.34,2.44,1.2959
4.38,2.56,1.3599
4.46,3.08,2.0961
4.32,3.25,2.368
4.35,3.16,2.144
4.39,2.32,1.376
4.39,2.48,2.336
4.36,2.92,2.7041
4.35,2.44,1.472
4.35,2.78,1.28
4.41,3.06,2.304
4.38,3.41,1.856
4.48,2.8,2.5441
4.43,2.58,1.472
4.5,2.84,2.0961
4.45,2.94,1.536
4.39,2.86,2.176
4.41,3.14,1.44
4.37,3.34,1.696
4.34,2.46,2.0961
4.53,2.72,1.984
4.4,2.68,2.6081
4.41,2.96,1.344
4.38,2.31,1.952
4.49,2.5,1.888
4.39,2.72,2.176
4.39,2.62,2.496
4.38,3.25,2.496
4.4,3.28,1.5519
4.45,2.44,1.664
4.41,2.56,1.728
4.49,3.08,2.464
4.47,3.26,1.92
4.51,2.76,2.432
4.51,2.98,2.528
4.44,3.06,1.4879
4.53,2.64,1.824
4.48,2.72,2.0641
4.46,2.96,2.0641
4.5,3.16,2.0961
4.47,3.2,1.6
4.48,2.64,1.6799
4.53,2.98,1.76
4.57,3.04,2.016
4.5,2.86,1.6479
4.53,3.16,1.792
