2,0,0
2,0,0.0019531
2,0,-0.0019531
1.9997,0,0.0097656
1.9997,0,-0.0097656
1.9987,0,0.029297
1.9987,0,-0.029297
1.996,0,0.066406
1.996,0,-0.066406
1.9902,0,0.12695
1.9902,0,-0.12695
1.9839,0.5,0
1.9839,-0.5,0
1.9839,0.5,0.0019531
1.9839,0.5,-0.0019531
1.9839,-0.5,0.0019531
1.9839,-0.5,-0.0019531
1.9836,0.5,0.0097656
1.9836,0.5,-0.0097656
1.9836,-0.5,0.0097656
1.9836,-0.5,-0.0097656
1.9826,0.5,0.029297
1.9826,0.5,-0.029297
1.9826,-0.5,0.029297
1.9826,-0.5,-0.029297
1.9798,0.5,0.066406
1.9798,0.5,-0.066406
1.9798,-0.5,0.066406
1.9798,-0.5,-0.066406
1.9796,0,0.2168
1.9796,0,-0.2168
1.974,0.5,0.12695
1.974,0.5,-0.12695
1.974,-0.5,0.12695
1.974,-0.5,-0.12695
1.9635,0.5,0.2168
1.9635,0.5,-0.2168
1.9635,-0.5,0.2168
1.9635,-0.5,-0.2168
1.9622,0,0.3418
1.9622,0,-0.3418
1.9461,0.5,0.3418
1.9461,0.5,-0.3418
1.9461,-0.5,0.3418
1.9461,-0.5,-0.3418
1.9355,1,0
1.9355,0,0.50781
1.9355,0,-0.50781
1.9355,-1,0
1.9355,1,0.0019531
1.9355,1,-0.0019531
1.9355,-1,0.0019531
1.9355,-1,-0.0019531
1.9352,1,0.0097656
1.9352,1,-0.0097656
1.9352,-1,0.0097656
1.9352,-1,-0.0097656
1.9342,1,0.029297
1.9342,1,-0.029297
1.9342,-1,0.029297
1.9342,-1,-0.029297
1.9315,1,0.066406
1.9315,1,-0.066406
1.9315,-1,0.066406
1.9315,-1,-0.066406
1.9256,1,0.12695
1.9256,1,-0.12695
1.9256,-1,0.12695
1.9256,-1,-0.12695
1.9194,0.5,0.50781
1.9194,0.5,-0.50781
1.9194,-0.5,0.50781
1.9194,-0.5,-0.50781
1.9151,1,0.2168
1.9151,1,-0.2168
1.9151,-1,0.2168
1.9151,-1,-0.2168
1.8977,1,0.3418
1.8977,1,-0.3418
1.8977,-1,0.3418
1.8977,-1,-0.3418
1.8967,0,0.7207
1.8967,0,-0.7207
1.8805,0.5,0.7207
1.8805,0.5,-0.7207
1.8805,-0.5,0.7207
1.8805,-0.5,-0.7207
1.875,1.375,0
1.875,1.3749,0.0019531
1.875,1.3749,-0.0019531
1.875,1.3734,0.0097656
1.875,1.3734,-0.0097656
1.875,1.3671,0.029297
1.875,1.3671,-0.029297
1.875,1.35,0.066406
1.875,1.35,-0.066406
1.875,1.314,0.12695
1.875,1.314,-0.12695
1.875,1.2484,0.2168
1.875,1.2484,-0.2168
1.875,1.1405,0.3418
1.875,1.1405,-0.3418
1.875,1,0.48274
1.875,1,-0.48274
1.875,0.95833,0.50781
1.875,0.95833,-0.50781
1.875,0.55713,0.7207
1.875,0.55713,-0.7207
1.875,0.5,0.74781
1.875,0.5,-0.74781
1.875,0,0.82691
1.875,0,-0.82691
1.875,-0.5,0.74781
1.875,-0.5,-0.74781
1.875,-0.55713,0.7207
1.875,-0.55713,-0.7207
1.875,-0.95833,0.50781
1.875,-0.95833,-0.50781
1.875,-1,0.48274
1.875,-1,-0.48274
1.875,-1.1405,0.3418
1.875,-1.1405,-0.3418
1.875,-1.2484,0.2168
1.875,-1.2484,-0.2168
1.875,-1.314,0.12695
1.875,-1.314,-0.12695
1.875,-1.35,0.066406
1.875,-1.35,-0.066406
1.875,-1.3671,0.029297
1.875,-1.3671,-0.029297
1.875,-1.3734,0.0097656
1.875,-1.3734,-0.0097656
1.875,-1.3749,0.0019531
1.875,-1.3749,-0.0019531
1.875,-1.375,0
1.8707,1,0.50781
1.8707,1,-0.50781
1.8707,-1,0.50781
1.8707,-1,-0.50781
1.8534,1.5,0
1.8534,-1.5,0
1.8534,1.5,0.0019531
1.8534,1.5,-0.0019531
1.8534,-1.5,0.0019531
1.8534,-1.5,-0.0019531
1.8532,1.5,0.0097656
1.8532,1.5,-0.0097656
1.8532,-1.5,0.0097656
1.8532,-1.5,-0.0097656
1.8521,1.5,0.029297
1.8521,1.5,-0.029297
1.8521,-1.5,0.029297
1.8521,-1.5,-0.029297
1.8491,1.5,0.066406
1.8491,1.5,-0.066406
1.8491,-1.5,0.066406
1.8491,-1.5,-0.066406
1.8429,1.5,0.12695
1.8429,1.5,-0.12695
1.8429,-1.5,0.12695
1.8429,-1.5,-0.12695
1.8402,0,0.98633
1.8402,0,-0.98633
1.8316,1.5,0.2168
1.8316,1.5,-0.2168
1.8316,-1.5,0.2168
1.8316,-1.5,-0.2168
1.8292,1,0.7207
1.8292,1,-0.7207
1.8292,-1,0.7207
1.8292,-1,-0.7207
1.823,0.5,0.98633
1.823,0.5,-0.98633
1.823,-0.5,0.98633
1.823,-0.5,-0.98633
1.813,1.5,0.3418
1.813,1.5,-0.3418
1.813,-1.5,0.3418
1.813,-1.5,-0.3418
1.7845,1.5,0.50781
1.7845,1.5,-0.50781
1.7845,-1.5,0.50781
1.7845,-1.5,-0.50781
1.7713,1,0.98633
1.7713,1,-0.98633
1.7713,-1,0.98633
1.7713,-1,-0.98633
1.7621,0,1.3105
1.7621,0,-1.3105
1.75,1.9286,0
1.75,1.9285,0.0019531
1.75,1.9285,-0.0019531
1.75,1.9275,0.0097656
1.75,1.9275,-0.0097656
1.75,1.9229,0.029297
1.75,1.9229,-0.029297
1.75,1.9107,0.066406
1.75,1.9107,-0.066406
1.75,1.885,0.12695
1.75,1.885,-0.12695
1.75,1.8382,0.2168
1.75,1.8382,-0.2168
1.75,1.7611,0.3418
1.75,1.7611,-0.3418
1.75,1.6429,0.50781
1.75,1.6429,-0.50781
1.75,1.5,0.68469
1.75,1.5,-0.68469
1.75,1.4593,0.7207
1.75,1.4593,-0.7207
1.75,1.1234,0.98633
1.75,1.1234,-0.98633
1.75,1,1.0746
1.75,1,-1.0746
1.75,0.5,1.2892
1.75,0.5,-1.2892
1.75,0.35107,1.3105
1.75,0.35107,-1.3105
1.75,0,1.3564
1.75,0,-1.3564
1.75,-0.35107,1.3105
1.75,-0.35107,-1.3105
1.75,-0.5,1.2892
1.75,-0.5,-1.2892
1.75,-1,1.0746
1.75,-1,-1.0746
1.75,-1.1234,0.98633
1.75,-1.1234,-0.98633
1.75,-1.4593,0.7207
1.75,-1.4593,-0.7207
1.75,-1.5,0.68469
1.75,-1.5,-0.68469
1.75,-1.6429,0.50781
1.75,-1.6429,-0.50781
1.75,-1.7611,0.3418
1.75,-1.7611,-0.3418
1.75,-1.8382,0.2168
1.75,-1.8382,-0.2168
1.75,-1.885,0.12695
1.75,-1.885,-0.12695
1.75,-1.9107,0.066406
1.75,-1.9107,-0.066406
1.75,-1.9229,0.029297
1.75,-1.9229,-0.029297
1.75,-1.9275,0.0097656
1.75,-1.9275,-0.0097656
1.75,-1.9285,0.0019531
1.75,-1.9285,-0.0019531
1.75,-1.9286,0
1.7445,0.5,1.3105
1.7445,0.5,-1.3105
1.7445,-0.5,1.3105
1.7445,-0.5,-1.3105
1.7425,1.5,0.7207
1.7425,1.5,-0.7207
1.7425,-1.5,0.7207
1.7425,-1.5,-0.7207
1.7315,2,0
1.7315,-2,0
1.7315,2,0.0019531
1.7315,2,-0.0019531
1.7315,-2,0.0019531
1.7315,-2,-0.0019531
1.7312,2,0.0097656
1.7312,2,-0.0097656
1.7312,-2,0.0097656
1.7312,-2,-0.0097656
1.73,2,0.029297
1.73,2,-0.029297
1.73,-2,0.029297
1.73,-2,-0.029297
1.7269,2,0.066406
1.7269,2,-0.066406
1.7269,-2,0.066406
1.7269,-2,-0.066406
1.7202,2,0.12695
1.7202,2,-0.12695
1.7202,-2,0.12695
1.7202,-2,-0.12695
1.708,2,0.2168
1.708,2,-0.2168
1.708,-2,0.2168
1.708,-2,-0.2168
1.6889,1,1.3105
1.6889,1,-1.3105
1.6889,-1,1.3105
1.6889,-1,-1.3105
1.6881,2,0.3418
1.6881,2,-0.3418
1.6881,-2,0.3418
1.6881,-2,-0.3418
1.6803,1.5,0.98633
1.6803,1.5,-0.98633
1.6803,-1.5,0.98633
1.6803,-1.5,-0.98633
1.6574,2,0.50781
1.6574,2,-0.50781
1.6574,-2,0.50781
1.6574,-2,-0.50781
1.6528,0,1.6992
1.6528,0,-1.6992
1.6343,0.5,1.6992
1.6343,0.5,-1.6992
1.6343,-0.5,1.6992
1.6343,-0.5,-1.6992
1.625,2.3194,0
1.625,2.3194,0.0019531
1.625,2.3194,-0.0019531
1.625,2.3186,0.0097656
1.625,2.3186,-0.0097656
1.625,2.315,0.029297
1.625,2.315,-0.029297
1.625,2.3056,0.066406
1.625,2.3056,-0.066406
1.625,2.2855,0.12695
1.625,2.2855,-0.12695
1.625,2.2491,0.2168
1.625,2.2491,-0.2168
1.625,2.1892,0.3418
1.625,2.1892,-0.3418
1.625,2.0972,0.50781
1.625,2.0972,-0.50781
1.625,2,0.66258
1.625,2,-0.66258
1.625,1.9531,0.7207
1.625,1.9531,-0.7207
1.625,1.7132,0.98633
1.625,1.7132,-0.98633
1.625,1.5,1.1998
1.625,1.5,-1.1998
1.625,1.3452,1.3105
1.625,1.3452,-1.3105
1.625,1,1.536
1.625,1,-1.536
1.625,0.58333,1.6992
1.625,0.58333,-1.6992
1.625,0.5,1.7293
1.625,0.5,-1.7293
1.625,0,1.7893
1.625,0,-1.7893
1.625,-0.5,1.7293
1.625,-0.5,-1.7293
1.625,-0.58333,1.6992
1.625,-0.58333,-1.6992
1.625,-1,1.536
1.625,-1,-1.536
1.625,-1.3452,1.3105
1.625,-1.3452,-1.3105
1.625,-1.5,1.1998
1.625,-1.5,-1.1998
1.625,-1.7132,0.98633
1.625,-1.7132,-0.98633
1.625,-1.9531,0.7207
1.625,-1.9531,-0.7207
1.625,-2,0.66258
1.625,-2,-0.66258
1.625,-2.0972,0.50781
1.625,-2.0972,-0.50781
1.625,-2.1892,0.3418
1.625,-2.1892,-0.3418
1.625,-2.2491,0.2168
1.625,-2.2491,-0.2168
1.625,-2.2855,0.12695
1.625,-2.2855,-0.12695
1.625,-2.3056,0.066406
1.625,-2.3056,-0.066406
1.625,-2.315,0.029297
1.625,-2.315,-0.029297
1.625,-2.3186,0.0097656
1.625,-2.3186,-0.0097656
1.625,-2.3194,0.0019531
1.625,-2.3194,-0.0019531
1.625,-2.3194,0
1.6119,2,0.7207
1.6119,2,-0.7207
1.6119,-2,0.7207
1.6119,-2,-0.7207
1.594,1.5,1.3105
1.594,1.5,-1.3105
1.594,-1.5,1.3105
1.594,-1.5,-1.3105
1.575,1,1.6992
1.575,1,-1.6992
1.575,-1,1.6992
1.575,-1,-1.6992
1.56,2.5,0
1.56,-2.5,0
1.56,2.5,0.0019531
1.56,2.5,-0.0019531
1.56,-2.5,0.0019531
1.56,-2.5,-0.0019531
1.5597,2.5,0.0097656
1.5597,2.5,-0.0097656
1.5597,-2.5,0.0097656
1.5597,-2.5,-0.0097656
1.5584,2.5,0.029297
1.5584,2.5,-0.029297
1.5584,-2.5,0.029297
1.5584,-2.5,-0.029297
1.555,2.5,0.066406
1.555,2.5,-0.066406
1.555,-2.5,0.066406
1.555,-2.5,-0.066406
1.5478,2.5,0.12695
1.5478,2.5,-0.12695
1.5478,-2.5,0.12695
1.5478,-2.5,-0.12695
1.5447,2,0.98633
1.5447,2,-0.98633
1.5447,-2,0.98633
1.5447,-2,-0.98633
1.5347,2.5,0.2168
1.5347,2.5,-0.2168
1.5347,-2.5,0.2168
1.5347,-2.5,-0.2168
1.5131,2.5,0.3418
1.5131,2.5,-0.3418
1.5131,-2.5,0.3418
1.5131,-2.5,-0.3418
1.5022,0,2.1582
1.5022,0,-2.1582
1.5,2.6364,0
1.5,2.6363,0.0019531
1.5,2.6363,-0.0019531
1.5,2.6357,0.0097656
1.5,2.6357,-0.0097656
1.5,2.6328,0.029297
1.5,2.6328,-0.029297
1.5,2.625,0.066406
1.5,2.625,-0.066406
1.5,2.6086,0.12695
1.5,2.6086,-0.12695
1.5,2.5788,0.2168
1.5,2.5788,-0.2168
1.5,2.5298,0.3418
1.5,2.5298,-0.3418
1.5,2.5,0.40752
1.5,2.5,-0.40752
1.5,2.4444,0.50781
1.5,2.4444,-0.50781
1.5,2.3107,0.7207
1.5,2.3107,-0.7207
1.5,2.1241,0.98633
1.5,2.1241,-0.98633
1.5,2,1.1462
1.5,2,-1.1462
1.5,1.8359,1.3105
1.5,1.8359,-1.3105
1.5,1.5,1.6176
1.5,1.5,-1.6176
1.5,1.375,1.6992
1.5,1.375,-1.6992
1.5,1,1.9245
1.5,1,-1.9245
1.5,0.5,2.1047
1.5,0.5,-2.1047
1.5,0.054199,2.1582
1.5,0.054199,-2.1582
1.5,0,2.1642
1.5,0,-2.1642
1.5,-0.054199,2.1582
1.5,-0.054199,-2.1582
1.5,-0.5,2.1047
1.5,-0.5,-2.1047
1.5,-1,1.9245
1.5,-1,-1.9245
1.5,-1.375,1.6992
1.5,-1.375,-1.6992
1.5,-1.5,1.6176
1.5,-1.5,-1.6176
1.5,-1.8359,1.3105
1.5,-1.8359,-1.3105
1.5,-2,1.1462
1.5,-2,-1.1462
1.5,-2.1241,0.98633
1.5,-2.1241,-0.98633
1.5,-2.3107,0.7207
1.5,-2.3107,-0.7207
1.5,-2.4444,0.50781
1.5,-2.4444,-0.50781
1.5,-2.5,0.40752
1.5,-2.5,-0.40752
1.5,-2.5298,0.3418
1.5,-2.5298,-0.3418
1.5,-2.5788,0.2168
1.5,-2.5788,-0.2168
1.5,-2.6086,0.12695
1.5,-2.6086,-0.12695
1.5,-2.625,0.066406
1.5,-2.625,-0.066406
1.5,-2.6328,0.029297
1.5,-2.6328,-0.029297
1.5,-2.6357,0.0097656
1.5,-2.6357,-0.0097656
1.5,-2.6363,0.0019531
1.5,-2.6363,-0.0019531
1.5,-2.6364,0
1.4806,0.5,2.1582
1.4806,0.5,-2.1582
1.4806,-0.5,2.1582
1.4806,-0.5,-2.1582
1.4783,2.5,0.50781
1.4783,2.5,-0.50781
1.4783,-2.5,0.50781
1.4783,-2.5,-0.50781
1.4728,1.5,1.6992
1.4728,1.5,-1.6992
1.4728,-1.5,1.6992
1.4728,-1.5,-1.6992
1.45,2,1.3105
1.45,2,-1.3105
1.45,-2,1.3105
1.45,-2,-1.3105
1.4259,2.5,0.7207
1.4259,2.5,-0.7207
1.4259,-2.5,0.7207
1.4259,-2.5,-0.7207
1.4154,1,2.1582
1.4154,1,-2.1582
1.4154,-1,2.1582
1.4154,-1,-2.1582
1.375,2.8977,0
1.375,2.8977,0.0019531
1.375,2.8977,-0.0019531
1.375,2.897,0.0097656
1.375,2.897,-0.0097656
1.375,2.8941,0.029297
1.375,2.8941,-0.029297
1.375,2.8864,0.066406
1.375,2.8864,-0.066406
1.375,2.87,0.12695
1.375,2.87,-0.12695
1.375,2.8402,0.2168
1.375,2.8402,-0.2168
1.375,2.7911,0.3418
1.375,2.7911,-0.3418
1.375,2.7159,0.50781
1.375,2.7159,-0.50781
1.375,2.6065,0.7207
1.375,2.6065,-0.7207
1.375,2.5,0.906
1.375,2.5,-0.906
1.375,2.4436,0.98633
1.375,2.4436,-0.98633
1.375,2.1918,1.3105
1.375,2.1918,-1.3105
1.375,2,1.536
1.375,2,-1.536
1.375,1.8214,1.6992
1.375,1.8214,-1.6992
1.375,1.5,1.9695
1.375,1.5,-1.9695
1.375,1.1858,2.1582
1.375,1.1858,-2.1582
1.375,1,2.2615
1.375,1,-2.2615
1.375,0.5,2.4284
1.375,0.5,-2.4284
1.375,0,2.484
1.375,0,-2.484
1.375,-0.5,2.4284
1.375,-0.5,-2.4284
1.375,-1,2.2615
1.375,-1,-2.2615
1.375,-1.1858,2.1582
1.375,-1.1858,-2.1582
1.375,-1.5,1.9695
1.375,-1.5,-1.9695
1.375,-1.8214,1.6992
1.375,-1.8214,-1.6992
1.375,-2,1.536
1.375,-2,-1.536
1.375,-2.1918,1.3105
1.375,-2.1918,-1.3105
1.375,-2.4436,0.98633
1.375,-2.4436,-0.98633
1.375,-2.5,0.906
1.375,-2.5,-0.906
1.375,-2.6065,0.7207
1.375,-2.6065,-0.7207
1.375,-2.7159,0.50781
1.375,-2.7159,-0.50781
1.375,-2.7911,0.3418
1.375,-2.7911,-0.3418
1.375,-2.8402,0.2168
1.375,-2.8402,-0.2168
1.375,-2.87,0.12695
1.375,-2.87,-0.12695
1.375,-2.8864,0.066406
1.375,-2.8864,-0.066406
1.375,-2.8941,0.029297
1.375,-2.8941,-0.029297
1.375,-2.897,0.0097656
1.375,-2.897,-0.0097656
1.375,-2.8977,0.0019531
1.375,-2.8977,-0.0019531
1.375,-2.8977,0
1.3508,2.5,0.98633
1.3508,2.5,-0.98633
1.3508,-2.5,0.98633
1.3508,-2.5,-0.98633
1.3214,3,0
1.3214,-3,0
1.3214,3,0.0019531
1.3214,3,-0.0019531
1.3214,-3,0.0019531
1.3214,-3,-0.0019531
1.3211,3,0.0097656
1.3211,3,-0.0097656
1.3211,-3,0.0097656
1.3211,-3,-0.0097656
1.3195,3,0.029297
1.3195,3,-0.029297
1.3195,-3,0.029297
1.3195,-3,-0.029297
1.3155,3,0.066406
1.3155,3,-0.066406
1.3155,2,1.6992
1.3155,2,-1.6992
1.3155,-2,1.6992
1.3155,-2,-1.6992
1.3155,-3,0.066406
1.3155,-3,-0.066406
1.3069,3,0.12695
1.3069,3,-0.12695
1.3069,-3,0.12695
1.3069,-3,-0.12695
1.3002,1.5,2.1582
1.3002,1.5,-2.1582
1.3002,-1.5,2.1582
1.3002,-1.5,-2.1582
1.2913,3,0.2168
1.2913,3,-0.2168
1.2913,-3,0.2168
1.2913,-3,-0.2168
1.2853,0,2.6934
1.2853,0,-2.6934
1.2656,3,0.3418
1.2656,3,-0.3418
1.2656,-3,0.3418
1.2656,-3,-0.3418
1.2615,0.5,2.6934
1.2615,0.5,-2.6934
1.2615,-0.5,2.6934
1.2615,-0.5,-2.6934
1.25,3.1154,0
1.25,3.1153,0.0019531
1.25,3.1153,-0.0019531
1.25,3.1148,0.0097656
1.25,3.1148,-0.0097656
1.25,3.1123,0.029297
1.25,3.1123,-0.029297
1.25,3.1058,0.066406
1.25,3.1058,-0.066406
1.25,3.0919,0.12695
1.25,3.0919,-0.12695
1.25,3.0667,0.2168
1.25,3.0667,-0.2168
1.25,3.0252,0.3418
1.25,3.0252,-0.3418
1.25,3,0.40752
1.25,3,-0.40752
1.25,2.9545,0.50781
1.25,2.9545,-0.50781
1.25,2.8451,0.7207
1.25,2.8451,-0.7207
1.25,2.6925,0.98633
1.25,2.6925,-0.98633
1.25,2.5,1.2892
1.25,2.5,-1.2892
1.25,2.4835,1.3105
1.25,2.4835,-1.3105
1.25,2.1528,1.6992
1.25,2.1528,-1.6992
1.25,2,1.8644
1.25,2,-1.8644
1.25,1.6506,2.1582
1.25,1.6506,-2.1582
1.25,1.5,2.2754
1.25,1.5,-2.2754
1.25,1,2.5535
1.25,1,-2.5535
1.25,0.58073,2.6934
1.25,0.58073,-2.6934
1.25,0.5,2.7184
1.25,0.5,-2.7184
1.25,0,2.7702
1.25,0,-2.7702
1.25,-0.5,2.7184
1.25,-0.5,-2.7184
1.25,-0.58073,2.6934
1.25,-0.58073,-2.6934
1.25,-1,2.5535
1.25,-1,-2.5535
1.25,-1.5,2.2754
1.25,-1.5,-2.2754
1.25,-1.6506,2.1582
1.25,-1.6506,-2.1582
1.25,-2,1.8644
1.25,-2,-1.8644
1.25,-2.1528,1.6992
1.25,-2.1528,-1.6992
1.25,-2.4835,1.3105
1.25,-2.4835,-1.3105
1.25,-2.5,1.2892
1.25,-2.5,-1.2892
1.25,-2.6925,0.98633
1.25,-2.6925,-0.98633
1.25,-2.8451,0.7207
1.25,-2.8451,-0.7207
1.25,-2.9545,0.50781
1.25,-2.9545,-0.50781
1.25,-3,0.40752
1.25,-3,-0.40752
1.25,-3.0252,0.3418
1.25,-3.0252,-0.3418
1.25,-3.0667,0.2168
1.25,-3.0667,-0.2168
1.25,-3.0919,0.12695
1.25,-3.0919,-0.12695
1.25,-3.1058,0.066406
1.25,-3.1058,-0.066406
1.25,-3.1123,0.029297
1.25,-3.1123,-0.029297
1.25,-3.1148,0.0097656
1.25,-3.1148,-0.0097656
1.25,-3.1153,0.0019531
1.25,-3.1153,-0.0019531
1.25,-3.1154,0
1.2422,2.5,1.3105
1.2422,2.5,-1.3105
1.2422,-2.5,1.3105
1.2422,-2.5,-1.3105
1.2237,3,0.50781
1.2237,3,-0.50781
1.2237,-3,0.50781
1.2237,-3,-0.50781
1.1838,1,2.6934
1.1838,1,-2.6934
1.1838,-1,2.6934
1.1838,-1,-2.6934
1.1603,3,0.7207
1.1603,3,-0.7207
1.1603,-3,0.7207
1.1603,-3,-0.7207
1.125,3.2981,0
1.125,3.298,0.0019531
1.125,3.298,-0.0019531
1.125,3.2975,0.0097656
1.125,3.2975,-0.0097656
1.125,3.295,0.029297
1.125,3.295,-0.029297
1.125,3.2885,0.066406
1.125,3.2885,-0.066406
1.125,3.2746,0.12695
1.125,3.2746,-0.12695
1.125,3.2494,0.2168
1.125,3.2494,-0.2168
1.125,3.2079,0.3418
1.125,3.2079,-0.3418
1.125,3.1442,0.50781
1.125,3.1442,-0.50781
1.125,3.0516,0.7207
1.125,3.0516,-0.7207
1.125,3,0.82691
1.125,3,-0.82691
1.125,2.9084,0.98633
1.125,2.9084,-0.98633
1.125,2.7024,1.3105
1.125,2.7024,-1.3105
1.125,2.5,1.6013
1.125,2.5,-1.6013
1.125,2.4167,1.6992
1.125,2.4167,-1.6992
1.125,2,2.1497
1.125,2,-2.1497
1.125,1.9899,2.1582
1.125,1.9899,-2.1582
1.125,1.5,2.5396
1.125,1.5,-2.5396
1.125,1.2234,2.6934
1.125,1.2234,-2.6934
1.125,1,2.809
1.125,1,-2.809
1.125,0.5,2.9643
1.125,0.5,-2.9643
1.125,0,3.0161
1.125,0,-3.0161
1.125,-0.5,2.9643
1.125,-0.5,-2.9643
1.125,-1,2.809
1.125,-1,-2.809
1.125,-1.2234,2.6934
1.125,-1.2234,-2.6934
1.125,-1.5,2.5396
1.125,-1.5,-2.5396
1.125,-1.9899,2.1582
1.125,-1.9899,-2.1582
1.125,-2,2.1497
1.125,-2,-2.1497
1.125,-2.4167,1.6992
1.125,-2.4167,-1.6992
1.125,-2.5,1.6013
1.125,-2.5,-1.6013
1.125,-2.7024,1.3105
1.125,-2.7024,-1.3105
1.125,-2.9084,0.98633
1.125,-2.9084,-0.98633
1.125,-3,0.82691
1.125,-3,-0.82691
1.125,-3.0516,0.7207
1.125,-3.0516,-0.7207
1.125,-3.1442,0.50781
1.125,-3.1442,-0.50781
1.125,-3.2079,0.3418
1.125,-3.2079,-0.3418
1.125,-3.2494,0.2168
1.125,-3.2494,-0.2168
1.125,-3.2746,0.12695
1.125,-3.2746,-0.12695
1.125,-3.2885,0.066406
1.125,-3.2885,-0.066406
1.125,-3.295,0.029297
1.125,-3.295,-0.029297
1.125,-3.2975,0.0097656
1.125,-3.2975,-0.0097656
1.125,-3.298,0.0019531
1.125,-3.298,-0.0019531
1.125,-3.2981,0
1.1208,2,2.1582
1.1208,2,-2.1582
1.1208,-2,2.1582
1.1208,-2,-2.1582
1.0809,2.5,1.6992
1.0809,2.5,-1.6992
1.0809,-2.5,1.6992
1.0809,-2.5,-1.6992
1.0657,3,0.98633
1.0657,3,-0.98633
1.0657,-3,0.98633
1.0657,-3,-0.98633
1.0437,1.5,2.6934
1.0437,1.5,-2.6934
1.0437,-1.5,2.6934
1.0437,-1.5,-2.6934
1,3.4615,0
1,3.4615,0.0019531
1,3.4615,-0.0019531
1,3.4609,0.0097656
1,3.4609,-0.0097656
1,3.4585,0.029297
1,3.4585,-0.029297
1,3.4519,0.066406
1,3.4519,-0.066406
1,3.4381,0.12695
1,3.4381,-0.12695
1,3.4129,0.2168
1,3.4129,-0.2168
1,3.3714,0.3418
1,3.3714,-0.3418
1,3.3077,0.50781
1,3.3077,-0.50781
1,3.2151,0.7207
1,3.2151,-0.7207
1,3.0859,0.98633
1,3.0859,-0.98633
1,3,1.1462
1,3,-1.1462
1,2.8956,1.3105
1,2.8956,-1.3105
1,2.625,1.6992
1,2.625,-1.6992
1,2.5,1.8644
1,2.5,-1.8644
1,2.2282,2.1582
1,2.2282,-2.1582
1,2,2.3867
1,2,-2.3867
1,1.606,2.6934
1,1.606,-2.6934
1,1.5,2.7702
1,1.5,-2.7702
1,1,3.029
1,1,-3.029
1,0.5,3.1843
1,0.5,-3.1843
1,0,3.2361
1,0,-3.2361
1,-0.5,3.1843
1,-0.5,-3.1843
1,-1,3.029
1,-1,-3.029
1,-1.5,2.7702
1,-1.5,-2.7702
1,-1.606,2.6934
1,-1.606,-2.6934
1,-2,2.3867
1,-2,-2.3867
1,-2.2282,2.1582
1,-2.2282,-2.1582
1,-2.5,1.8644
1,-2.5,-1.8644
1,-2.625,1.6992
1,-2.625,-1.6992
1,-2.8956,1.3105
1,-2.8956,-1.3105
1,-3,1.1462
1,-3,-1.1462
1,-3.0859,0.98633
1,-3.0859,-0.98633
1,-3.2151,0.7207
1,-3.2151,-0.7207
1,-3.3077,0.50781
1,-3.3077,-0.50781
1,-3.3714,0.3418
1,-3.3714,-0.3418
1,-3.4129,0.2168
1,-3.4129,-0.2168
1,-3.4381,0.12695
1,-3.4381,-0.12695
1,-3.4519,0.066406
1,-3.4519,-0.066406
1,-3.4585,0.029297
1,-3.4585,-0.029297
1,-3.4609,0.0097656
1,-3.4609,-0.0097656
1,-3.4615,0.0019531
1,-3.4615,-0.0019531
1,-3.4615,0
0.96667,3.5,0
0.96667,-3.5,0
0.96663,3.5,0.0019531
0.96663,3.5,-0.0019531
0.96663,-3.5,0.0019531
0.96663,-3.5,-0.0019531
0.96615,3.5,0.0097656
0.96615,3.5,-0.0097656
0.96615,-3.5,0.0097656
0.96615,-3.5,-0.0097656
0.96403,3.5,0.029297
0.96403,3.5,-0.029297
0.96403,-3.5,0.029297
0.96403,-3.5,-0.029297
0.95833,3.5,0.066406
0.95833,3.5,-0.066406
0.95833,-3.5,0.066406
0.95833,-3.5,-0.066406
0.95205,0,3.3105
0.95205,0,-3.3105
0.94632,3.5,0.12695
0.94632,3.5,-0.12695
0.94632,-3.5,0.12695
0.94632,-3.5,-0.12695
0.92448,3.5,0.2168
0.92448,3.5,-0.2168
0.92448,-3.5,0.2168
0.92448,-3.5,-0.2168
0.9234,3,1.3105
0.9234,3,-1.3105
0.9234,-3,1.3105
0.9234,-3,-1.3105
0.91872,0.5,3.3105
0.91872,0.5,-3.3105
0.91872,-0.5,3.3105
0.91872,-0.5,-3.3105
0.88851,3.5,0.3418
0.88851,3.5,-0.3418
0.88851,-3.5,0.3418
0.88851,-3.5,-0.3418
0.875,3.5917,0
0.875,3.5916,0.0019531
0.875,3.5916,-0.0019531
0.875,3.5911,0.0097656
0.875,3.5911,-0.0097656
0.875,3.589,0.029297
0.875,3.589,-0.029297
0.875,3.5833,0.066406
0.875,3.5833,-0.066406
0.875,3.5713,0.12695
0.875,3.5713,-0.12695
0.875,3.5495,0.2168
0.875,3.5495,-0.2168
0.875,3.5135,0.3418
0.875,3.5135,-0.3418
0.875,3.5,0.38244
0.875,3.5,-0.38244
0.875,3.4519,0.50781
0.875,3.4519,-0.50781
0.875,3.3593,0.7207
0.875,3.3593,-0.7207
0.875,3.2302,0.98633
0.875,3.2302,-0.98633
0.875,3.0559,1.3105
0.875,3.0559,-1.3105
0.875,3,1.4054
0.875,3,-1.4054
0.875,2.7955,1.6992
0.875,2.7955,-1.6992
0.875,2.5,2.0896
0.875,2.5,-2.0896
0.875,2.4366,2.1582
0.875,2.4366,-2.1582
0.875,2,2.5952
0.875,2,-2.5952
0.875,1.8739,2.6934
0.875,1.8739,-2.6934
0.875,1.5,2.9643
0.875,1.5,-2.9643
0.875,1,3.2231
0.875,1,-3.2231
0.875,0.71859,3.3105
0.875,0.71859,-3.3105
0.875,0.5,3.3741
0.875,0.5,-3.3741
0.875,0,3.4225
0.875,0,-3.4225
0.875,-0.5,3.3741
0.875,-0.5,-3.3741
0.875,-0.71859,3.3105
0.875,-0.71859,-3.3105
0.875,-1,3.2231
0.875,-1,-3.2231
0.875,-1.5,2.9643
0.875,-1.5,-2.9643
0.875,-1.8739,2.6934
0.875,-1.8739,-2.6934
0.875,-2,2.5952
0.875,-2,-2.5952
0.875,-2.4366,2.1582
0.875,-2.4366,-2.1582
0.875,-2.5,2.0896
0.875,-2.5,-2.0896
0.875,-2.7955,1.6992
0.875,-2.7955,-1.6992
0.875,-3,1.4054
0.875,-3,-1.4054
0.875,-3.0559,1.3105
0.875,-3.0559,-1.3105
0.875,-3.2302,0.98633
0.875,-3.2302,-0.98633
0.875,-3.3593,0.7207
0.875,-3.3593,-0.7207
0.875,-3.4519,0.50781
0.875,-3.4519,-0.50781
0.875,-3.5,0.38244
0.875,-3.5,-0.38244
0.875,-3.5135,0.3418
0.875,-3.5135,-0.3418
0.875,-3.5495,0.2168
0.875,-3.5495,-0.2168
0.875,-3.5713,0.12695
0.875,-3.5713,-0.12695
0.875,-3.5833,0.066406
0.875,-3.5833,-0.066406
0.875,-3.589,0.029297
0.875,-3.589,-0.029297
0.875,-3.5911,0.0097656
0.875,-3.5911,-0.0097656
0.875,-3.5916,0.0019531
0.875,-3.5916,-0.0019531
0.875,-3.5917,0
0.83109,2.5,2.1582
0.83109,2.5,-2.1582
0.83109,-2.5,2.1582
0.83109,-2.5,-2.1582
0.82692,3.5,0.50781
0.82692,3.5,-0.50781
0.82692,-3.5,0.50781
0.82692,-3.5,-0.50781
0.81006,1,3.3105
0.81006,1,-3.3105
0.81006,-1,3.3105
0.81006,-1,-3.3105
0.80709,2,2.6934
0.80709,2,-2.6934
0.80709,-2,2.6934
0.80709,-2,-2.6934
0.75,3.7,0
0.75,3.7,0.0019531
0.75,3.7,-0.0019531
0.75,3.6995,0.0097656
0.75,3.6995,-0.0097656
0.75,3.6974,0.029297
0.75,3.6974,-0.029297
0.75,3.6917,0.066406
0.75,3.6917,-0.066406
0.75,3.6797,0.12695
0.75,3.6797,-0.12695
0.75,3.6578,0.2168
0.75,3.6578,-0.2168
0.75,3.6218,0.3418
0.75,3.6218,-0.3418
0.75,3.5667,0.50781
0.75,3.5667,-0.50781
0.75,3.5,0.68469
0.75,3.5,-0.68469
0.75,3.4843,0.7207
0.75,3.4843,-0.7207
0.75,3.3552,0.98633
0.75,3.3552,-0.98633
0.75,3.1809,1.3105
0.75,3.1809,-1.3105
0.75,3,1.6176
0.75,3,-1.6176
0.75,2.9432,1.6992
0.75,2.9432,-1.6992
0.75,2.5958,2.1582
0.75,2.5958,-2.1582
0.75,2.5,2.2754
0.75,2.5,-2.2754
0.75,2.0825,2.6934
0.75,2.0825,-2.6934
0.75,2,2.7702
0.75,2,-2.7702
0.75,1.5,3.1326
0.75,1.5,-3.1326
0.75,1.1562,3.3105
0.75,1.1562,-3.3105
0.75,1,3.3862
0.75,1,-3.3862
0.75,0.5,3.5314
0.75,0.5,-3.5314
0.75,0,3.5798
0.75,0,-3.5798
0.75,-0.5,3.5314
0.75,-0.5,-3.5314
0.75,-1,3.3862
0.75,-1,-3.3862
0.75,-1.1562,3.3105
0.75,-1.1562,-3.3105
0.75,-1.5,3.1326
0.75,-1.5,-3.1326
0.75,-2,2.7702
0.75,-2,-2.7702
0.75,-2.0825,2.6934
0.75,-2.0825,-2.6934
0.75,-2.5,2.2754
0.75,-2.5,-2.2754
0.75,-2.5958,2.1582
0.75,-2.5958,-2.1582
0.75,-2.9432,1.6992
0.75,-2.9432,-1.6992
0.75,-3,1.6176
0.75,-3,-1.6176
0.75,-3.1809,1.3105
0.75,-3.1809,-1.3105
0.75,-3.3552,0.98633
0.75,-3.3552,-0.98633
0.75,-3.4843,0.7207
0.75,-3.4843,-0.7207
0.75,-3.5,0.68469
0.75,-3.5,-0.68469
0.75,-3.5667,0.50781
0.75,-3.5667,-0.50781
0.75,-3.6218,0.3418
0.75,-3.6218,-0.3418
0.75,-3.6578,0.2168
0.75,-3.6578,-0.2168
0.75,-3.6797,0.12695
0.75,-3.6797,-0.12695
0.75,-3.6917,0.066406
0.75,-3.6917,-0.066406
0.75,-3.6974,0.029297
0.75,-3.6974,-0.029297
0.75,-3.6995,0.0097656
0.75,-3.6995,-0.0097656
0.75,-3.7,0.0019531
0.75,-3.7,-0.0019531
0.75,-3.7,0
0.73149,3.5,0.7207
0.73149,3.5,-0.7207
0.73149,-3.5,0.7207
0.73149,-3.5,-0.7207
0.69318,3,1.6992
0.69318,3,-1.6992
0.69318,-3,1.6992
0.69318,-3,-1.6992
0.625,3.7917,0
0.625,3.7916,0.0019531
0.625,3.7916,-0.0019531
0.625,3.7911,0.0097656
0.625,3.7911,-0.0097656
0.625,3.789,0.029297
0.625,3.789,-0.029297
0.625,3.7833,0.066406
0.625,3.7833,-0.066406
0.625,3.7713,0.12695
0.625,3.7713,-0.12695
0.625,3.7495,0.2168
0.625,3.7495,-0.2168
0.625,3.7135,0.3418
0.625,3.7135,-0.3418
0.625,3.6583,0.50781
0.625,3.6583,-0.50781
0.625,3.5781,0.7207
0.625,3.5781,-0.7207
0.625,3.5,0.906
0.625,3.5,-0.906
0.625,3.4609,0.98633
0.625,3.4609,-0.98633
0.625,3.2866,1.3105
0.625,3.2866,-1.3105
0.625,3.0577,1.6992
0.625,3.0577,-1.6992
0.625,3,1.7893
0.625,3,-1.7893
0.625,2.7208,2.1582
0.625,2.7208,-2.1582
0.625,2.5,2.4284
0.625,2.5,-2.4284
0.625,2.2352,2.6934
0.625,2.2352,-2.6934
0.625,2,2.9126
0.625,2,-2.9126
0.625,1.5,3.2749
0.625,1.5,-3.2749
0.625,1.4312,3.3105
0.625,1.4312,-3.3105
0.625,1,3.5193
0.625,1,-3.5193
0.625,0.5,3.6646
0.625,0.5,-3.6646
0.625,0,3.713
0.625,0,-3.713
0.625,-0.5,3.6646
0.625,-0.5,-3.6646
0.625,-1,3.5193
0.625,-1,-3.5193
0.625,-1.4312,3.3105
0.625,-1.4312,-3.3105
0.625,-1.5,3.2749
0.625,-1.5,-3.2749
0.625,-2,2.9126
0.625,-2,-2.9126
0.625,-2.2352,2.6934
0.625,-2.2352,-2.6934
0.625,-2.5,2.4284
0.625,-2.5,-2.4284
0.625,-2.7208,2.1582
0.625,-2.7208,-2.1582
0.625,-3,1.7893
0.625,-3,-1.7893
0.625,-3.0577,1.6992
0.625,-3.0577,-1.6992
0.625,-3.2866,1.3105
0.625,-3.2866,-1.3105
0.625,-3.4609,0.98633
0.625,-3.4609,-0.98633
0.625,-3.5,0.906
0.625,-3.5,-0.906
0.625,-3.5781,0.7207
0.625,-3.5781,-0.7207
0.625,-3.6583,0.50781
0.625,-3.6583,-0.50781
0.625,-3.7135,0.3418
0.625,-3.7135,-0.3418
0.625,-3.7495,0.2168
0.625,-3.7495,-0.2168
0.625,-3.7713,0.12695
0.625,-3.7713,-0.12695
0.625,-3.7833,0.066406
0.625,-3.7833,-0.066406
0.625,-3.789,0.029297
0.625,-3.789,-0.029297
0.625,-3.7911,0.0097656
0.625,-3.7911,-0.0097656
0.625,-3.7916,0.0019531
0.625,-3.7916,-0.0019531
0.625,-3.7917,0
0.58675,1.5,3.3105
0.58675,1.5,-3.3105
0.58675,-1.5,3.3105
0.58675,-1.5,-3.3105
0.56858,3.5,0.98633
0.56858,3.5,-0.98633
0.56858,-3.5,0.98633
0.56858,-3.5,-0.98633
0.5,3.8667,0
0.5,3.8666,0.0019531
0.5,3.8666,-0.0019531
0.5,3.8661,0.0097656
0.5,3.8661,-0.0097656
0.5,3.864,0.029297
0.5,3.864,-0.029297
0.5,3.8583,0.066406
0.5,3.8583,-0.066406
0.5,3.8463,0.12695
0.5,3.8463,-0.12695
0.5,3.8245,0.2168
0.5,3.8245,-0.2168
0.5,3.7885,0.3418
0.5,3.7885,-0.3418
0.5,3.7333,0.50781
0.5,3.7333,-0.50781
0.5,3.6531,0.7207
0.5,3.6531,-0.7207
0.5,3.5411,0.98633
0.5,3.5411,-0.98633
0.5,3.5,1.0746
0.5,3.5,-1.0746
0.5,3.3732,1.3105
0.5,3.3732,-1.3105
0.5,3.1442,1.6992
0.5,3.1442,-1.6992
0.5,3,1.9245
0.5,3,-1.9245
0.5,2.8231,2.1582
0.5,2.8231,-2.1582
0.5,2.5,2.5535
0.5,2.5,-2.5535
0.5,2.3602,2.6934
0.5,2.3602,-2.6934
0.5,2,3.029
0.5,2,-3.029
0.5,1.6115,3.3105
0.5,1.6115,-3.3105
0.5,1.5,3.3862
0.5,1.5,-3.3862
0.5,1,3.6283
0.5,1,-3.6283
0.5,0.5,3.7735
0.5,0.5,-3.7735
0.5,0,3.8219
0.5,0,-3.8219
0.5,-0.5,3.7735
0.5,-0.5,-3.7735
0.5,-1,3.6283
0.5,-1,-3.6283
0.5,-1.5,3.3862
0.5,-1.5,-3.3862
0.5,-1.6115,3.3105
0.5,-1.6115,-3.3105
0.5,-2,3.029
0.5,-2,-3.029
0.5,-2.3602,2.6934
0.5,-2.3602,-2.6934
0.5,-2.5,2.5535
0.5,-2.5,-2.5535
0.5,-2.8231,2.1582
0.5,-2.8231,-2.1582
0.5,-3,1.9245
0.5,-3,-1.9245
0.5,-3.1442,1.6992
0.5,-3.1442,-1.6992
0.5,-3.3732,1.3105
0.5,-3.3732,-1.3105
0.5,-3.5,1.0746
0.5,-3.5,-1.0746
0.5,-3.5411,0.98633
0.5,-3.5411,-0.98633
0.5,-3.6531,0.7207
0.5,-3.6531,-0.7207
0.5,-3.7333,0.50781
0.5,-3.7333,-0.50781
0.5,-3.7885,0.3418
0.5,-3.7885,-0.3418
0.5,-3.8245,0.2168
0.5,-3.8245,-0.2168
0.5,-3.8463,0.12695
0.5,-3.8463,-0.12695
0.5,-3.8583,0.066406
0.5,-3.8583,-0.066406
0.5,-3.864,0.029297
0.5,-3.864,-0.029297
0.5,-3.8661,0.0097656
0.5,-3.8661,-0.0097656
0.5,-3.8666,0.0019531
0.5,-3.8666,-0.0019531
0.5,-3.8667,0
0.375,3.925,0
0.375,3.925,0.0019531
0.375,3.925,-0.0019531
0.375,3.9245,0.0097656
0.375,3.9245,-0.0097656
0.375,3.9224,0.029297
0.375,3.9224,-0.029297
0.375,3.9167,0.066406
0.375,3.9167,-0.066406
0.375,3.9047,0.12695
0.375,3.9047,-0.12695
0.375,3.8828,0.2168
0.375,3.8828,-0.2168
0.375,3.8468,0.3418
0.375,3.8468,-0.3418
0.375,3.7917,0.50781
0.375,3.7917,-0.50781
0.375,3.7114,0.7207
0.375,3.7114,-0.7207
0.375,3.5995,0.98633
0.375,3.5995,-0.98633
0.375,3.5,1.1998
0.375,3.5,-1.1998
0.375,3.4405,1.3105
0.375,3.4405,-1.3105
0.375,3.2115,1.6992
0.375,3.2115,-1.6992
0.375,3,2.0296
0.375,3,-2.0296
0.375,2.9027,2.1582
0.375,2.9027,-2.1582
0.375,2.5,2.6508
0.375,2.5,-2.6508
0.375,2.4575,2.6934
0.375,2.4575,-2.6934
0.375,2,3.1196
0.375,2,-3.1196
0.375,1.7365,3.3105
0.375,1.7365,-3.3105
0.375,1.5,3.4709
0.375,1.5,-3.4709
0.375,1,3.713
0.375,1,-3.713
0.375,0.5,3.8583
0.375,0.5,-3.8583
0.375,0,3.9067
0.375,0,-3.9067
0.375,-0.5,3.8583
0.375,-0.5,-3.8583
0.375,-1,3.713
0.375,-1,-3.713
0.375,-1.5,3.4709
0.375,-1.5,-3.4709
0.375,-1.7365,3.3105
0.375,-1.7365,-3.3105
0.375,-2,3.1196
0.375,-2,-3.1196
0.375,-2.4575,2.6934
0.375,-2.4575,-2.6934
0.375,-2.5,2.6508
0.375,-2.5,-2.6508
0.375,-2.9027,2.1582
0.375,-2.9027,-2.1582
0.375,-3,2.0296
0.375,-3,-2.0296
0.375,-3.2115,1.6992
0.375,-3.2115,-1.6992
0.375,-3.4405,1.3105
0.375,-3.4405,-1.3105
0.375,-3.5,1.1998
0.375,-3.5,-1.1998
0.375,-3.5995,0.98633
0.375,-3.5995,-0.98633
0.375,-3.7114,0.7207
0.375,-3.7114,-0.7207
0.375,-3.7917,0.50781
0.375,-3.7917,-0.50781
0.375,-3.8468,0.3418
0.375,-3.8468,-0.3418
0.375,-3.8828,0.2168
0.375,-3.8828,-0.2168
0.375,-3.9047,0.12695
0.375,-3.9047,-0.12695
0.375,-3.9167,0.066406
0.375,-3.9167,-0.066406
0.375,-3.9224,0.029297
0.375,-3.9224,-0.029297
0.375,-3.9245,0.0097656
0.375,-3.9245,-0.0097656
0.375,-3.925,0.0019531
0.375,-3.925,-0.0019531
0.375,-3.925,0
0.29844,2.5,2.6934
0.29844,2.5,-2.6934
0.29844,-2.5,2.6934
0.29844,-2.5,-2.6934
0.25,3.9667,0
0.25,3.9666,0.0019531
0.25,3.9666,-0.0019531
0.25,3.9661,0.0097656
0.25,3.9661,-0.0097656
0.25,3.964,0.029297
0.25,3.964,-0.029297
0.25,3.9583,0.066406
0.25,3.9583,-0.066406
0.25,3.9463,0.12695
0.25,3.9463,-0.12695
0.25,3.9245,0.2168
0.25,3.9245,-0.2168
0.25,3.8885,0.3418
0.25,3.8885,-0.3418
0.25,3.8333,0.50781
0.25,3.8333,-0.50781
0.25,3.7531,0.7207
0.25,3.7531,-0.7207
0.25,3.6411,0.98633
0.25,3.6411,-0.98633
0.25,3.5,1.2892
0.25,3.5,-1.2892
0.25,3.4885,1.3105
0.25,3.4885,-1.3105
0.25,3.2596,1.6992
0.25,3.2596,-1.6992
0.25,3,2.1047
0.25,3,-2.1047
0.25,2.9595,2.1582
0.25,2.9595,-2.1582
0.25,2.522,2.6934
0.25,2.522,-2.6934
0.25,2.5,2.7184
0.25,2.5,-2.7184
0.25,2,3.1843
0.25,2,-3.1843
0.25,1.8258,3.3105
0.25,1.8258,-3.3105
0.25,1.5,3.5314
0.25,1.5,-3.5314
0.25,1,3.7735
0.25,1,-3.7735
0.25,0.5,3.9188
0.25,0.5,-3.9188
0.25,0,3.9672
0.25,0,-3.9672
0.25,-0.5,3.9188
0.25,-0.5,-3.9188
0.25,-1,3.7735
0.25,-1,-3.7735
0.25,-1.5,3.5314
0.25,-1.5,-3.5314
0.25,-1.8258,3.3105
0.25,-1.8258,-3.3105
0.25,-2,3.1843
0.25,-2,-3.1843
0.25,-2.5,2.7184
0.25,-2.5,-2.7184
0.25,-2.522,2.6934
0.25,-2.522,-2.6934
0.25,-2.9595,2.1582
0.25,-2.9595,-2.1582
0.25,-3,2.1047
0.25,-3,-2.1047
0.25,-3.2596,1.6992
0.25,-3.2596,-1.6992
0.25,-3.4885,1.3105
0.25,-3.4885,-1.3105
0.25,-3.5,1.2892
0.25,-3.5,-1.2892
0.25,-3.6411,0.98633
0.25,-3.6411,-0.98633
0.25,-3.7531,0.7207
0.25,-3.7531,-0.7207
0.25,-3.8333,0.50781
0.25,-3.8333,-0.50781
0.25,-3.8885,0.3418
0.25,-3.8885,-0.3418
0.25,-3.9245,0.2168
0.25,-3.9245,-0.2168
0.25,-3.9463,0.12695
0.25,-3.9463,-0.12695
0.25,-3.9583,0.066406
0.25,-3.9583,-0.066406
0.25,-3.964,0.029297
0.25,-3.964,-0.029297
0.25,-3.9661,0.0097656
0.25,-3.9661,-0.0097656
0.25,-3.9666,0.0019531
0.25,-3.9666,-0.0019531
0.25,-3.9667,0
0.20036,3.5,1.3105
0.20036,3.5,-1.3105
0.20036,-3.5,1.3105
0.20036,-3.5,-1.3105
0.125,3.9917,0
0.125,3.9916,0.0019531
0.125,3.9916,-0.0019531
0.125,3.9911,0.0097656
0.125,3.9911,-0.0097656
0.125,3.989,0.029297
0.125,3.989,-0.029297
0.125,3.9833,0.066406
0.125,3.9833,-0.066406
0.125,3.9713,0.12695
0.125,3.9713,-0.12695
0.125,3.9495,0.2168
0.125,3.9495,-0.2168
0.125,3.9135,0.3418
0.125,3.9135,-0.3418
0.125,3.8583,0.50781
0.125,3.8583,-0.50781
0.125,3.7781,0.7207
0.125,3.7781,-0.7207
0.125,3.6661,0.98633
0.125,3.6661,-0.98633
0.125,3.5151,1.3105
0.125,3.5151,-1.3105
0.125,3.5,1.3401
0.125,3.5,-1.3401
0.125,3.2885,1.6992
0.125,3.2885,-1.6992
0.125,3,2.1497
0.125,3,-2.1497
0.125,2.9936,2.1582
0.125,2.9936,-2.1582
0.125,2.5561,2.6934
0.125,2.5561,-2.6934
0.125,2.5,2.7573
0.125,2.5,-2.7573
0.125,2,3.2231
0.125,2,-3.2231
0.125,1.8794,3.3105
0.125,1.8794,-3.3105
0.125,1.5,3.5677
0.125,1.5,-3.5677
0.125,1,3.8098
0.125,1,-3.8098
0.125,0.5,3.9551
0.125,0.5,-3.9551
0.125,0,4.0035
0.125,0,-4.0035
0.125,-0.5,3.9551
0.125,-0.5,-3.9551
0.125,-1,3.8098
0.125,-1,-3.8098
0.125,-1.5,3.5677
0.125,-1.5,-3.5677
0.125,-1.8794,3.3105
0.125,-1.8794,-3.3105
0.125,-2,3.2231
0.125,-2,-3.2231
0.125,-2.5,2.7573
0.125,-2.5,-2.7573
0.125,-2.5561,2.6934
0.125,-2.5561,-2.6934
0.125,-2.9936,2.1582
0.125,-2.9936,-2.1582
0.125,-3,2.1497
0.125,-3,-2.1497
0.125,-3.2885,1.6992
0.125,-3.2885,-1.6992
0.125,-3.5,1.3401
0.125,-3.5,-1.3401
0.125,-3.5151,1.3105
0.125,-3.5151,-1.3105
0.125,-3.6661,0.98633
0.125,-3.6661,-0.98633
0.125,-3.7781,0.7207
0.125,-3.7781,-0.7207
0.125,-3.8583,0.50781
0.125,-3.8583,-0.50781
0.125,-3.9135,0.3418
0.125,-3.9135,-0.3418
0.125,-3.9495,0.2168
0.125,-3.9495,-0.2168
0.125,-3.9713,0.12695
0.125,-3.9713,-0.12695
0.125,-3.9833,0.066406
0.125,-3.9833,-0.066406
0.125,-3.989,0.029297
0.125,-3.989,-0.029297
0.125,-3.9911,0.0097656
0.125,-3.9911,-0.0097656
0.125,-3.9916,0.0019531
0.125,-3.9916,-0.0019531
0.125,-3.9917,0
0.054199,3,2.1582
0.054199,3,-2.1582
0.054199,-3,2.1582
0.054199,-3,-2.1582
0,4,0
0,4,0.0019531
0,4,-0.0019531
0,3.9995,0.0097656
0,3.9995,-0.0097656
0,3.9974,0.029297
0,3.9974,-0.029297
0,3.9917,0.066406
0,3.9917,-0.066406
0,3.9797,0.12695
0,3.9797,-0.12695
0,3.9578,0.2168
0,3.9578,-0.2168
0,3.9218,0.3418
0,3.9218,-0.3418
0,3.8667,0.50781
0,3.8667,-0.50781
0,3.7864,0.7207
0,3.7864,-0.7207
0,3.6745,0.98633
0,3.6745,-0.98633
0,3.5234,1.3105
0,3.5234,-1.3105
0,3.5,1.3564
0,3.5,-1.3564
0,3.2981,1.6992
0,3.2981,-1.6992
0,3.0042,2.1582
0,3.0042,-2.1582
0,3,2.1642
0,3,-2.1642
0,2.5675,2.6934
0,2.5675,-2.6934
0,2.5,2.7702
0,2.5,-2.7702
0,2,3.2361
0,2,-3.2361
0,1.8973,3.3105
0,1.8973,-3.3105
0,1.5,3.5798
0,1.5,-3.5798
0,1,3.8219
0,1,-3.8219
0,0.5,3.9672
0,0.5,-3.9672
0,0,4.0156
0,0,-4.0156
0,-0.5,3.9672
0,-0.5,-3.9672
0,-1,3.8219
0,-1,-3.8219
0,-1.5,3.5798
0,-1.5,-3.5798
0,-1.8973,3.3105
0,-1.8973,-3.3105
0,-2,3.2361
0,-2,-3.2361
0,-2.5,2.7702
0,-2.5,-2.7702
0,-2.5675,2.6934
0,-2.5675,-2.6934
0,-3,2.1642
0,-3,-2.1642
0,-3.0042,2.1582
0,-3.0042,-2.1582
0,-3.2981,1.6992
0,-3.2981,-1.6992
0,-3.5,1.3564
0,-3.5,-1.3564
0,-3.5234,1.3105
0,-3.5234,-1.3105
0,-3.6745,0.98633
0,-3.6745,-0.98633
0,-3.7864,0.7207
0,-3.7864,-0.7207
0,-3.8667,0.50781
0,-3.8667,-0.50781
0,-3.9218,0.3418
0,-3.9218,-0.3418
0,-3.9578,0.2168
0,-3.9578,-0.2168
0,-3.9797,0.12695
0,-3.9797,-0.12695
0,-3.9917,0.066406
0,-3.9917,-0.066406
0,-3.9974,0.029297
0,-3.9974,-0.029297
0,-3.9995,0.0097656
0,-3.9995,-0.0097656
0,-4,0.0019531
0,-4,-0.0019531
0,-4,0
-0.054199,3,2.1582
-0.054199,3,-2.1582
-0.054199,-3,2.1582
-0.054199,-3,-2.1582
-0.125,3.9917,0
-0.125,3.9916,0.0019531
-0.125,3.9916,-0.0019531
-0.125,3.9911,0.0097656
-0.125,3.9911,-0.0097656
-0.125,3.989,0.029297
-0.125,3.989,-0.029297
-0.125,3.9833,0.066406
-0.125,3.9833,-0.066406
-0.125,3.9713,0.12695
-0.125,3.9713,-0.12695
-0.125,3.9495,0.2168
-0.125,3.9495,-0.2168
-0.125,3.9135,0.3418
-0.125,3.9135,-0.3418
-0.125,3.8583,0.50781
-0.125,3.8583,-0.50781
-0.125,3.7781,0.7207
-0.125,3.7781,-0.7207
-0.125,3.6661,0.98633
-0.125,3.6661,-0.98633
-0.125,3.5151,1.3105
-0.125,3.5151,-1.3105
-0.125,3.5,1.3401
-0.125,3.5,-1.3401
-0.125,3.2885,1.6992
-0.125,3.2885,-1.6992
-0.125,3,2.1497
-0.125,3,-2.1497
-0.125,2.9936,2.1582
-0.125,2.9936,-2.1582
-0.125,2.5561,2.6934
-0.125,2.5561,-2.6934
-0.125,2.5,2.7573
-0.125,2.5,-2.7573
-0.125,2,3.2231
-0.125,2,-3.2231
-0.125,1.8794,3.3105
-0.125,1.8794,-3.3105
-0.125,1.5,3.5677
-0.125,1.5,-3.5677
-0.125,1,3.8098
-0.125,1,-3.8098
-0.125,0.5,3.9551
-0.125,0.5,-3.9551
-0.125,0,4.0035
-0.125,0,-4.0035
-0.125,-0.5,3.9551
-0.125,-0.5,-3.9551
-0.125,-1,3.8098
-0.125,-1,-3.8098
-0.125,-1.5,3.5677
-0.125,-1.5,-3.5677
-0.125,-1.8794,3.3105
-0.125,-1.8794,-3.3105
-0.125,-2,3.2231
-0.125,-2,-3.2231
-0.125,-2.5,2.7573
-0.125,-2.5,-2.7573
-0.125,-2.5561,2.6934
-0.125,-2.5561,-2.6934
-0.125,-2.9936,2.1582
-0.125,-2.9936,-2.1582
-0.125,-3,2.1497
-0.125,-3,-2.1497
-0.125,-3.2885,1.6992
-0.125,-3.2885,-1.6992
-0.125,-3.5,1.3401
-0.125,-3.5,-1.3401
-0.125,-3.5151,1.3105
-0.125,-3.5151,-1.3105
-0.125,-3.6661,0.98633
-0.125,-3.6661,-0.98633
-0.125,-3.7781,0.7207
-0.125,-3.7781,-0.7207
-0.125,-3.8583,0.50781
-0.125,-3.8583,-0.50781
-0.125,-3.9135,0.3418
-0.125,-3.9135,-0.3418
-0.125,-3.9495,0.2168
-0.125,-3.9495,-0.2168
-0.125,-3.9713,0.12695
-0.125,-3.9713,-0.12695
-0.125,-3.9833,0.066406
-0.125,-3.9833,-0.066406
-0.125,-3.989,0.029297
-0.125,-3.989,-0.029297
-0.125,-3.9911,0.0097656
-0.125,-3.9911,-0.0097656
-0.125,-3.9916,0.0019531
-0.125,-3.9916,-0.0019531
-0.125,-3.9917,0
-0.20036,3.5,1.3105
-0.20036,3.5,-1.3105
-0.20036,-3.5,1.3105
-0.20036,-3.5,-1.3105
-0.25,3.9667,0
-0.25,3.9666,0.0019531
-0.25,3.9666,-0.0019531
-0.25,3.9661,0.0097656
-0.25,3.9661,-0.0097656
-0.25,3.964,0.029297
-0.25,3.964,-0.029297
-0.25,3.9583,0.066406
-0.25,3.9583,-0.066406
-0.25,3.9463,0.12695
-0.25,3.9463,-0.12695
-0.25,3.9245,0.2168
-0.25,3.9245,-0.2168
-0.25,3.8885,0.3418
-0.25,3.8885,-0.3418
-0.25,3.8333,0.50781
-0.25,3.8333,-0.50781
-0.25,3.7531,0.7207
-0.25,3.7531,-0.7207
-0.25,3.6411,0.98633
-0.25,3.6411,-0.98633
-0.25,3.5,1.2892
-0.25,3.5,-1.2892
-0.25,3.4885,1.3105
-0.25,3.4885,-1.3105
-0.25,3.2596,1.6992
-0.25,3.2596,-1.6992
-0.25,3,2.1047
-0.25,3,-2.1047
-0.25,2.9595,2.1582
-0.25,2.9595,-2.1582
-0.25,2.522,2.6934
-0.25,2.522,-2.6934
-0.25,2.5,2.7184
-0.25,2.5,-2.7184
-0.25,2,3.1843
-0.25,2,-3.1843
-0.25,1.8258,3.3105
-0.25,1.8258,-3.3105
-0.25,1.5,3.5314
-0.25,1.5,-3.5314
-0.25,1,3.7735
-0.25,1,-3.7735
-0.25,0.5,3.9188
-0.25,0.5,-3.9188
-0.25,0,3.9672
-0.25,0,-3.9672
-0.25,-0.5,3.9188
-0.25,-0.5,-3.9188
-0.25,-1,3.7735
-0.25,-1,-3.7735
-0.25,-1.5,3.5314
-0.25,-1.5,-3.5314
-0.25,-1.8258,3.3105
-0.25,-1.8258,-3.3105
-0.25,-2,3.1843
-0.25,-2,-3.1843
-0.25,-2.5,2.7184
-0.25,-2.5,-2.7184
-0.25,-2.522,2.6934
-0.25,-2.522,-2.6934
-0.25,-2.9595,2.1582
-0.25,-2.9595,-2.1582
-0.25,-3,2.1047
-0.25,-3,-2.1047
-0.25,-3.2596,1.6992
-0.25,-3.2596,-1.6992
-0.25,-3.4885,1.3105
-0.25,-3.4885,-1.3105
-0.25,-3.5,1.2892
-0.25,-3.5,-1.2892
-0.25,-3.6411,0.98633
-0.25,-3.6411,-0.98633
-0.25,-3.7531,0.7207
-0.25,-3.7531,-0.7207
-0.25,-3.8333,0.50781
-0.25,-3.8333,-0.50781
-0.25,-3.8885,0.3418
-0.25,-3.8885,-0.3418
-0.25,-3.9245,0.2168
-0.25,-3.9245,-0.2168
-0.25,-3.9463,0.12695
-0.25,-3.9463,-0.12695
-0.25,-3.9583,0.066406
-0.25,-3.9583,-0.066406
-0.25,-3.964,0.029297
-0.25,-3.964,-0.029297
-0.25,-3.9661,0.0097656
-0.25,-3.9661,-0.0097656
-0.25,-3.9666,0.0019531
-0.25,-3.9666,-0.0019531
-0.25,-3.9667,0
-0.29844,2.5,2.6934
-0.29844,2.5,-2.6934
-0.29844,-2.5,2.6934
-0.29844,-2.5,-2.6934
-0.375,3.925,0
-0.375,3.925,0.0019531
-0.375,3.925,-0.0019531
-0.375,3.9245,0.0097656
-0.375,3.9245,-0.0097656
-0.375,3.9224,0.029297
-0.375,3.9224,-0.029297
-0.375,3.9167,0.066406
-0.375,3.9167,-0.066406
-0.375,3.9047,0.12695
-0.375,3.9047,-0.12695
-0.375,3.8828,0.2168
-0.375,3.8828,-0.2168
-0.375,3.8468,0.3418
-0.375,3.8468,-0.3418
-0.375,3.7917,0.50781
-0.375,3.7917,-0.50781
-0.375,3.7114,0.7207
-0.375,3.7114,-0.7207
-0.375,3.5995,0.98633
-0.375,3.5995,-0.98633
-0.375,3.5,1.1998
-0.375,3.5,-1.1998
-0.375,3.4405,1.3105
-0.375,3.4405,-1.3105
-0.375,3.2115,1.6992
-0.375,3.2115,-1.6992
-0.375,3,2.0296
-0.375,3,-2.0296
-0.375,2.9027,2.1582
-0.375,2.9027,-2.1582
-0.375,2.5,2.6508
-0.375,2.5,-2.6508
-0.375,2.4575,2.6934
-0.375,2.4575,-2.6934
-0.375,2,3.1196
-0.375,2,-3.1196
-0.375,1.7365,3.3105
-0.375,1.7365,-3.3105
-0.375,1.5,3.4709
-0.375,1.5,-3.4709
-0.375,1,3.713
-0.375,1,-3.713
-0.375,0.5,3.8583
-0.375,0.5,-3.8583
-0.375,0,3.9067
-0.375,0,-3.9067
-0.375,-0.5,3.8583
-0.375,-0.5,-3.8583
-0.375,-1,3.713
-0.375,-1,-3.713
-0.375,-1.5,3.4709
-0.375,-1.5,-3.4709
-0.375,-1.7365,3.3105
-0.375,-1.7365,-3.3105
-0.375,-2,3.1196
-0.375,-2,-3.1196
-0.375,-2.4575,2.6934
-0.375,-2.4575,-2.6934
-0.375,-2.5,2.6508
-0.375,-2.5,-2.6508
-0.375,-2.9027,2.1582
-0.375,-2.9027,-2.1582
-0.375,-3,2.0296
-0.375,-3,-2.0296
-0.375,-3.2115,1.6992
-0.375,-3.2115,-1.6992
-0.375,-3.4405,1.3105
-0.375,-3.4405,-1.3105
-0.375,-3.5,1.1998
-0.375,-3.5,-1.1998
-0.375,-3.5995,0.98633
-0.375,-3.5995,-0.98633
-0.375,-3.7114,0.7207
-0.375,-3.7114,-0.7207
-0.375,-3.7917,0.50781
-0.375,-3.7917,-0.50781
-0.375,-3.8468,0.3418
-0.375,-3.8468,-0.3418
-0.375,-3.8828,0.2168
-0.375,-3.8828,-0.2168
-0.375,-3.9047,0.12695
-0.375,-3.9047,-0.12695
-0.375,-3.9167,0.066406
-0.375,-3.9167,-0.066406
-0.375,-3.9224,0.029297
-0.375,-3.9224,-0.029297
-0.375,-3.9245,0.0097656
-0.375,-3.9245,-0.0097656
-0.375,-3.925,0.0019531
-0.375,-3.925,-0.0019531
-0.375,-3.925,0
-0.5,3.8667,0
-0.5,3.8666,0.0019531
-0.5,3.8666,-0.0019531
-0.5,3.8661,0.0097656
-0.5,3.8661,-0.0097656
-0.5,3.864,0.029297
-0.5,3.864,-0.029297
-0.5,3.8583,0.066406
-0.5,3.8583,-0.066406
-0.5,3.8463,0.12695
-0.5,3.8463,-0.12695
-0.5,3.8245,0.2168
-0.5,3.8245,-0.2168
-0.5,3.7885,0.3418
-0.5,3.7885,-0.3418
-0.5,3.7333,0.50781
-0.5,3.7333,-0.50781
-0.5,3.6531,0.7207
-0.5,3.6531,-0.7207
-0.5,3.5411,0.98633
-0.5,3.5411,-0.98633
-0.5,3.5,1.0746
-0.5,3.5,-1.0746
-0.5,3.3732,1.3105
-0.5,3.3732,-1.3105
-0.5,3.1442,1.6992
-0.5,3.1442,-1.6992
-0.5,3,1.9245
-0.5,3,-1.9245
-0.5,2.8231,2.1582
-0.5,2.8231,-2.1582
-0.5,2.5,2.5535
-0.5,2.5,-2.5535
-0.5,2.3602,2.6934
-0.5,2.3602,-2.6934
-0.5,2,3.029
-0.5,2,-3.029
-0.5,1.6115,3.3105
-0.5,1.6115,-3.3105
-0.5,1.5,3.3862
-0.5,1.5,-3.3862
-0.5,1,3.6283
-0.5,1,-3.6283
-0.5,0.5,3.7735
-0.5,0.5,-3.7735
-0.5,0,3.8219
-0.5,0,-3.8219
-0.5,-0.5,3.7735
-0.5,-0.5,-3.7735
-0.5,-1,3.6283
-0.5,-1,-3.6283
-0.5,-1.5,3.3862
-0.5,-1.5,-3.3862
-0.5,-1.6115,3.3105
-0.5,-1.6115,-3.3105
-0.5,-2,3.029
-0.5,-2,-3.029
-0.5,-2.3602,2.6934
-0.5,-2.3602,-2.6934
-0.5,-2.5,2.5535
-0.5,-2.5,-2.5535
-0.5,-2.8231,2.1582
-0.5,-2.8231,-2.1582
-0.5,-3,1.9245
-0.5,-3,-1.9245
-0.5,-3.1442,1.6992
-0.5,-3.1442,-1.6992
-0.5,-3.3732,1.3105
-0.5,-3.3732,-1.3105
-0.5,-3.5,1.0746
-0.5,-3.5,-1.0746
-0.5,-3.5411,0.98633
-0.5,-3.5411,-0.98633
-0.5,-3.6531,0.7207
-0.5,-3.6531,-0.7207
-0.5,-3.7333,0.50781
-0.5,-3.7333,-0.50781
-0.5,-3.7885,0.3418
-0.5,-3.7885,-0.3418
-0.5,-3.8245,0.2168
-0.5,-3.8245,-0.2168
-0.5,-3.8463,0.12695
-0.5,-3.8463,-0.12695
-0.5,-3.8583,0.066406
-0.5,-3.8583,-0.066406
-0.5,-3.864,0.029297
-0.5,-3.864,-0.029297
-0.5,-3.8661,0.0097656
-0.5,-3.8661,-0.0097656
-0.5,-3.8666,0.0019531
-0.5,-3.8666,-0.0019531
-0.5,-3.8667,0
-0.56858,3.5,0.98633
-0.56858,3.5,-0.98633
-0.56858,-3.5,0.98633
-0.56858,-3.5,-0.98633
-0.58675,1.5,3.3105
-0.58675,1.5,-3.3105
-0.58675,-1.5,3.3105
-0.58675,-1.5,-3.3105
-0.625,3.7917,0
-0.625,3.7916,0.0019531
-0.625,3.7916,-0.0019531
-0.625,3.7911,0.0097656
-0.625,3.7911,-0.0097656
-0.625,3.789,0.029297
-0.625,3.789,-0.029297
-0.625,3.7833,0.066406
-0.625,3.7833,-0.066406
-0.625,3.7713,0.12695
-0.625,3.7713,-0.12695
-0.625,3.7495,0.2168
-0.625,3.7495,-0.2168
-0.625,3.7135,0.3418
-0.625,3.7135,-0.3418
-0.625,3.6583,0.50781
-0.625,3.6583,-0.50781
-0.625,3.5781,0.7207
-0.625,3.5781,-0.7207
-0.625,3.5,0.906
-0.625,3.5,-0.906
-0.625,3.4609,0.98633
-0.625,3.4609,-0.98633
-0.625,3.2866,1.3105
-0.625,3.2866,-1.3105
-0.625,3.0577,1.6992
-0.625,3.0577,-1.6992
-0.625,3,1.7893
-0.625,3,-1.7893
-0.625,2.7208,2.1582
-0.625,2.7208,-2.1582
-0.625,2.5,2.4284
-0.625,2.5,-2.4284
-0.625,2.2352,2.6934
-0.625,2.2352,-2.6934
-0.625,2,2.9126
-0.625,2,-2.9126
-0.625,1.5,3.2749
-0.625,1.5,-3.2749
-0.625,1.4312,3.3105
-0.625,1.4312,-3.3105
-0.625,1,3.5193
-0.625,1,-3.5193
-0.625,0.5,3.6646
-0.625,0.5,-3.6646
-0.625,0,3.713
-0.625,0,-3.713
-0.625,-0.5,3.6646
-0.625,-0.5,-3.6646
-0.625,-1,3.5193
-0.625,-1,-3.5193
-0.625,-1.4312,3.3105
-0.625,-1.4312,-3.3105
-0.625,-1.5,3.2749
-0.625,-1.5,-3.2749
-0.625,-2,2.9126
-0.625,-2,-2.9126
-0.625,-2.2352,2.6934
-0.625,-2.2352,-2.6934
-0.625,-2.5,2.4284
-0.625,-2.5,-2.4284
-0.625,-2.7208,2.1582
-0.625,-2.7208,-2.1582
-0.625,-3,1.7893
-0.625,-3,-1.7893
-0.625,-3.0577,1.6992
-0.625,-3.0577,-1.6992
-0.625,-3.2866,1.3105
-0.625,-3.2866,-1.3105
-0.625,-3.4609,0.98633
-0.625,-3.4609,-0.98633
-0.625,-3.5,0.906
-0.625,-3.5,-0.906
-0.625,-3.5781,0.7207
-0.625,-3.5781,-0.7207
-0.625,-3.6583,0.50781
-0.625,-3.6583,-0.50781
-0.625,-3.7135,0.3418
-0.625,-3.7135,-0.3418
-0.625,-3.7495,0.2168
-0.625,-3.7495,-0.2168
-0.625,-3.7713,0.12695
-0.625,-3.7713,-0.12695
-0.625,-3.7833,0.066406
-0.625,-3.7833,-0.066406
-0.625,-3.789,0.029297
-0.625,-3.789,-0.029297
-0.625,-3.7911,0.0097656
-0.625,-3.7911,-0.0097656
-0.625,-3.7916,0.0019531
-0.625,-3.7916,-0.0019531
-0.625,-3.7917,0
-0.69318,3,1.6992
-0.69318,3,-1.6992
-0.69318,-3,1.6992
-0.69318,-3,-1.6992
-0.73149,3.5,0.7207
-0.73149,3.5,-0.7207
-0.73149,-3.5,0.7207
-0.73149,-3.5,-0.7207
-0.75,3.7,0
-0.75,3.7,0.0019531
-0.75,3.7,-0.0019531
-0.75,3.6995,0.0097656
-0.75,3.6995,-0.0097656
-0.75,3.6974,0.029297
-0.75,3.6974,-0.029297
-0.75,3.6917,0.066406
-0.75,3.6917,-0.066406
-0.75,3.6797,0.12695
-0.75,3.6797,-0.12695
-0.75,3.6578,0.2168
-0.75,3.6578,-0.2168
-0.75,3.6218,0.3418
-0.75,3.6218,-0.3418
-0.75,3.5667,0.50781
-0.75,3.5667,-0.50781
-0.75,3.5,0.68469
-0.75,3.5,-0.68469
-0.75,3.4843,0.7207
-0.75,3.4843,-0.7207
-0.75,3.3552,0.98633
-0.75,3.3552,-0.98633
-0.75,3.1809,1.3105
-0.75,3.1809,-1.3105
-0.75,3,1.6176
-0.75,3,-1.6176
-0.75,2.9432,1.6992
-0.75,2.9432,-1.6992
-0.75,2.5958,2.1582
-0.75,2.5958,-2.1582
-0.75,2.5,2.2754
-0.75,2.5,-2.2754
-0.75,2.0825,2.6934
-0.75,2.0825,-2.6934
-0.75,2,2.7702
-0.75,2,-2.7702
-0.75,1.5,3.1326
-0.75,1.5,-3.1326
-0.75,1.1562,3.3105
-0.75,1.1562,-3.3105
-0.75,1,3.3862
-0.75,1,-3.3862
-0.75,0.5,3.5314
-0.75,0.5,-3.5314
-0.75,0,3.5798
-0.75,0,-3.5798
-0.75,-0.5,3.5314
-0.75,-0.5,-3.5314
-0.75,-1,3.3862
-0.75,-1,-3.3862
-0.75,-1.1562,3.3105
-0.75,-1.1562,-3.3105
-0.75,-1.5,3.1326
-0.75,-1.5,-3.1326
-0.75,-2,2.7702
-0.75,-2,-2.7702
-0.75,-2.0825,2.6934
-0.75,-2.0825,-2.6934
-0.75,-2.5,2.2754
-0.75,-2.5,-2.2754
-0.75,-2.5958,2.1582
-0.75,-2.5958,-2.1582
-0.75,-2.9432,1.6992
-0.75,-2.9432,-1.6992
-0.75,-3,1.6176
-0.75,-3,-1.6176
-0.75,-3.1809,1.3105
-0.75,-3.1809,-1.3105
-0.75,-3.3552,0.98633
-0.75,-3.3552,-0.98633
-0.75,-3.4843,0.7207
-0.75,-3.4843,-0.7207
-0.75,-3.5,0.68469
-0.75,-3.5,-0.68469
-0.75,-3.5667,0.50781
-0.75,-3.5667,-0.50781
-0.75,-3.6218,0.3418
-0.75,-3.6218,-0.3418
-0.75,-3.6578,0.2168
-0.75,-3.6578,-0.2168
-0.75,-3.6797,0.12695
-0.75,-3.6797,-0.12695
-0.75,-3.6917,0.066406
-0.75,-3.6917,-0.066406
-0.75,-3.6974,0.029297
-0.75,-3.6974,-0.029297
-0.75,-3.6995,0.0097656
-0.75,-3.6995,-0.0097656
-0.75,-3.7,0.0019531
-0.75,-3.7,-0.0019531
-0.75,-3.7,0
-0.80709,2,2.6934
-0.80709,2,-2.6934
-0.80709,-2,2.6934
-0.80709,-2,-2.6934
-0.81006,1,3.3105
-0.81006,1,-3.3105
-0.81006,-1,3.3105
-0.81006,-1,-3.3105
-0.82692,3.5,0.50781
-0.82692,3.5,-0.50781
-0.82692,-3.5,0.50781
-0.82692,-3.5,-0.50781
-0.83109,2.5,2.1582
-0.83109,2.5,-2.1582
-0.83109,-2.5,2.1582
-0.83109,-2.5,-2.1582
-0.875,3.5917,0
-0.875,3.5916,0.0019531
-0.875,3.5916,-0.0019531
-0.875,3.5911,0.0097656
-0.875,3.5911,-0.0097656
-0.875,3.589,0.029297
-0.875,3.589,-0.029297
-0.875,3.5833,0.066406
-0.875,3.5833,-0.066406
-0.875,3.5713,0.12695
-0.875,3.5713,-0.12695
-0.875,3.5495,0.2168
-0.875,3.5495,-0.2168
-0.875,3.5135,0.3418
-0.875,3.5135,-0.3418
-0.875,3.5,0.38244
-0.875,3.5,-0.38244
-0.875,3.4519,0.50781
-0.875,3.4519,-0.50781
-0.875,3.3593,0.7207
-0.875,3.3593,-0.7207
-0.875,3.2302,0.98633
-0.875,3.2302,-0.98633
-0.875,3.0559,1.3105
-0.875,3.0559,-1.3105
-0.875,3,1.4054
-0.875,3,-1.4054
-0.875,2.7955,1.6992
-0.875,2.7955,-1.6992
-0.875,2.5,2.0896
-0.875,2.5,-2.0896
-0.875,2.4366,2.1582
-0.875,2.4366,-2.1582
-0.875,2,2.5952
-0.875,2,-2.5952
-0.875,1.8739,2.6934
-0.875,1.8739,-2.6934
-0.875,1.5,2.9643
-0.875,1.5,-2.9643
-0.875,1,3.2231
-0.875,1,-3.2231
-0.875,0.71859,3.3105
-0.875,0.71859,-3.3105
-0.875,0.5,3.3741
-0.875,0.5,-3.3741
-0.875,0,3.4225
-0.875,0,-3.4225
-0.875,-0.5,3.3741
-0.875,-0.5,-3.3741
-0.875,-0.71859,3.3105
-0.875,-0.71859,-3.3105
-0.875,-1,3.2231
-0.875,-1,-3.2231
-0.875,-1.5,2.9643
-0.875,-1.5,-2.9643
-0.875,-1.8739,2.6934
-0.875,-1.8739,-2.6934
-0.875,-2,2.5952
-0.875,-2,-2.5952
-0.875,-2.4366,2.1582
-0.875,-2.4366,-2.1582
-0.875,-2.5,2.0896
-0.875,-2.5,-2.0896
-0.875,-2.7955,1.6992
-0.875,-2.7955,-1.6992
-0.875,-3,1.4054
-0.875,-3,-1.4054
-0.875,-3.0559,1.3105
-0.875,-3.0559,-1.3105
-0.875,-3.2302,0.98633
-0.875,-3.2302,-0.98633
-0.875,-3.3593,0.7207
-0.875,-3.3593,-0.7207
-0.875,-3.4519,0.50781
-0.875,-3.4519,-0.50781
-0.875,-3.5,0.38244
-0.875,-3.5,-0.38244
-0.875,-3.5135,0.3418
-0.875,-3.5135,-0.3418
-0.875,-3.5495,0.2168
-0.875,-3.5495,-0.2168
-0.875,-3.5713,0.12695
-0.875,-3.5713,-0.12695
-0.875,-3.5833,0.066406
-0.875,-3.5833,-0.066406
-0.875,-3.589,0.029297
-0.875,-3.589,-0.029297
-0.875,-3.5911,0.0097656
-0.875,-3.5911,-0.0097656
-0.875,-3.5916,0.0019531
-0.875,-3.5916,-0.0019531
-0.875,-3.5917,0
-0.88851,3.5,0.3418
-0.88851,3.5,-0.3418
-0.88851,-3.5,0.3418
-0.88851,-3.5,-0.3418
-0.91872,0.5,3.3105
-0.91872,0.5,-3.3105
-0.91872,-0.5,3.3105
-0.91872,-0.5,-3.3105
-0.9234,3,1.3105
-0.9234,3,-1.3105
-0.9234,-3,1.3105
-0.9234,-3,-1.3105
-0.92448,3.5,0.2168
-0.92448,3.5,-0.2168
-0.92448,-3.5,0.2168
-0.92448,-3.5,-0.2168
-0.94632,3.5,0.12695
-0.94632,3.5,-0.12695
-0.94632,-3.5,0.12695
-0.94632,-3.5,-0.12695
-0.95205,0,3.3105
-0.95205,0,-3.3105
-0.95833,3.5,0.066406
-0.95833,3.5,-0.066406
-0.95833,-3.5,0.066406
-0.95833,-3.5,-0.066406
-0.96403,3.5,0.029297
-0.96403,3.5,-0.029297
-0.96403,-3.5,0.029297
-0.96403,-3.5,-0.029297
-0.96615,3.5,0.0097656
-0.96615,3.5,-0.0097656
-0.96615,-3.5,0.0097656
-0.96615,-3.5,-0.0097656
-0.96663,3.5,0.0019531
-0.96663,3.5,-0.0019531
-0.96663,-3.5,0.0019531
-0.96663,-3.5,-0.0019531
-0.96667,3.5,0
-0.96667,-3.5,0
-1,3.4615,0
-1,3.4615,0.0019531
-1,3.4615,-0.0019531
-1,3.4609,0.0097656
-1,3.4609,-0.0097656
-1,3.4585,0.029297
-1,3.4585,-0.029297
-1,3.4519,0.066406
-1,3.4519,-0.066406
-1,3.4381,0.12695
-1,3.4381,-0.12695
-1,3.4129,0.2168
-1,3.4129,-0.2168
-1,3.3714,0.3418
-1,3.3714,-0.3418
-1,3.3077,0.50781
-1,3.3077,-0.50781
-1,3.2151,0.7207
-1,3.2151,-0.7207
-1,3.0859,0.98633
-1,3.0859,-0.98633
-1,3,1.1462
-1,3,-1.1462
-1,2.8956,1.3105
-1,2.8956,-1.3105
-1,2.625,1.6992
-1,2.625,-1.6992
-1,2.5,1.8644
-1,2.5,-1.8644
-1,2.2282,2.1582
-1,2.2282,-2.1582
-1,2,2.3867
-1,2,-2.3867
-1,1.606,2.6934
-1,1.606,-2.6934
-1,1.5,2.7702
-1,1.5,-2.7702
-1,1,3.029
-1,1,-3.029
-1,0.5,3.1843
-1,0.5,-3.1843
-1,0,3.2361
-1,0,-3.2361
-1,-0.5,3.1843
-1,-0.5,-3.1843
-1,-1,3.029
-1,-1,-3.029
-1,-1.5,2.7702
-1,-1.5,-2.7702
-1,-1.606,2.6934
-1,-1.606,-2.6934
-1,-2,2.3867
-1,-2,-2.3867
-1,-2.2282,2.1582
-1,-2.2282,-2.1582
-1,-2.5,1.8644
-1,-2.5,-1.8644
-1,-2.625,1.6992
-1,-2.625,-1.6992
-1,-2.8956,1.3105
-1,-2.8956,-1.3105
-1,-3,1.1462
-1,-3,-1.1462
-1,-3.0859,0.98633
-1,-3.0859,-0.98633
-1,-3.2151,0.7207
-1,-3.2151,-0.7207
-1,-3.3077,0.50781
-1,-3.3077,-0.50781
-1,-3.3714,0.3418
-1,-3.3714,-0.3418
-1,-3.4129,0.2168
-1,-3.4129,-0.2168
-1,-3.4381,0.12695
-1,-3.4381,-0.12695
-1,-3.4519,0.066406
-1,-3.4519,-0.066406
-1,-3.4585,0.029297
-1,-3.4585,-0.029297
-1,-3.4609,0.0097656
-1,-3.4609,-0.0097656
-1,-3.4615,0.0019531
-1,-3.4615,-0.0019531
-1,-3.4615,0
-1.0437,1.5,2.6934
-1.0437,1.5,-2.6934
-1.0437,-1.5,2.6934
-1.0437,-1.5,-2.6934
-1.0657,3,0.98633
-1.0657,3,-0.98633
-1.0657,-3,0.98633
-1.0657,-3,-0.98633
-1.0809,2.5,1.6992
-1.0809,2.5,-1.6992
-1.0809,-2.5,1.6992
-1.0809,-2.5,-1.6992
-1.1208,2,2.1582
-1.1208,2,-2.1582
-1.1208,-2,2.1582
-1.1208,-2,-2.1582
-1.125,3.2981,0
-1.125,3.298,0.0019531
-1.125,3.298,-0.0019531
-1.125,3.2975,0.0097656
-1.125,3.2975,-0.0097656
-1.125,3.295,0.029297
-1.125,3.295,-0.029297
-1.125,3.2885,0.066406
-1.125,3.2885,-0.066406
-1.125,3.2746,0.12695
-1.125,3.2746,-0.12695
-1.125,3.2494,0.2168
-1.125,3.2494,-0.2168
-1.125,3.2079,0.3418
-1.125,3.2079,-0.3418
-1.125,3.1442,0.50781
-1.125,3.1442,-0.50781
-1.125,3.0516,0.7207
-1.125,3.0516,-0.7207
-1.125,3,0.82691
-1.125,3,-0.82691
-1.125,2.9084,0.98633
-1.125,2.9084,-0.98633
-1.125,2.7024,1.3105
-1.125,2.7024,-1.3105
-1.125,2.5,1.6013
-1.125,2.5,-1.6013
-1.125,2.4167,1.6992
-1.125,2.4167,-1.6992
-1.125,2,2.1497
-1.125,2,-2.1497
-1.125,1.9899,2.1582
-1.125,1.9899,-2.1582
-1.125,1.5,2.5396
-1.125,1.5,-2.5396
-1.125,1.2234,2.6934
-1.125,1.2234,-2.6934
-1.125,1,2.809
-1.125,1,-2.809
-1.125,0.5,2.9643
-1.125,0.5,-2.9643
-1.125,0,3.0161
-1.125,0,-3.0161
-1.125,-0.5,2.9643
-1.125,-0.5,-2.9643
-1.125,-1,2.809
-1.125,-1,-2.809
-1.125,-1.2234,2.6934
-1.125,-1.2234,-2.6934
-1.125,-1.5,2.5396
-1.125,-1.5,-2.5396
-1.125,-1.9899,2.1582
-1.125,-1.9899,-2.1582
-1.125,-2,2.1497
-1.125,-2,-2.1497
-1.125,-2.4167,1.6992
-1.125,-2.4167,-1.6992
-1.125,-2.5,1.6013
-1.125,-2.5,-1.6013
-1.125,-2.7024,1.3105
-1.125,-2.7024,-1.3105
-1.125,-2.9084,0.98633
-1.125,-2.9084,-0.98633
-1.125,-3,0.82691
-1.125,-3,-0.82691
-1.125,-3.0516,0.7207
-1.125,-3.0516,-0.7207
-1.125,-3.1442,0.50781
-1.125,-3.1442,-0.50781
-1.125,-3.2079,0.3418
-1.125,-3.2079,-0.3418
-1.125,-3.2494,0.2168
-1.125,-3.2494,-0.2168
-1.125,-3.2746,0.12695
-1.125,-3.2746,-0.12695
-1.125,-3.2885,0.066406
-1.125,-3.2885,-0.066406
-1.125,-3.295,0.029297
-1.125,-3.295,-0.029297
-1.125,-3.2975,0.0097656
-1.125,-3.2975,-0.0097656
-1.125,-3.298,0.0019531
-1.125,-3.298,-0.0019531
-1.125,-3.2981,0
-1.1603,3,0.7207
-1.1603,3,-0.7207
-1.1603,-3,0.7207
-1.1603,-3,-0.7207
-1.1838,1,2.6934
-1.1838,1,-2.6934
-1.1838,-1,2.6934
-1.1838,-1,-2.6934
-1.2237,3,0.50781
-1.2237,3,-0.50781
-1.2237,-3,0.50781
-1.2237,-3,-0.50781
-1.2422,2.5,1.3105
-1.2422,2.5,-1.3105
-1.2422,-2.5,1.3105
-1.2422,-2.5,-1.3105
-1.25,3.1154,0
-1.25,3.1153,0.0019531
-1.25,3.1153,-0.0019531
-1.25,3.1148,0.0097656
-1.25,3.1148,-0.0097656
-1.25,3.1123,0.029297
-1.25,3.1123,-0.029297
-1.25,3.1058,0.066406
-1.25,3.1058,-0.066406
-1.25,3.0919,0.12695
-1.25,3.0919,-0.12695
-1.25,3.0667,0.2168
-1.25,3.0667,-0.2168
-1.25,3.0252,0.3418
-1.25,3.0252,-0.3418
-1.25,3,0.40752
-1.25,3,-0.40752
-1.25,2.9545,0.50781
-1.25,2.9545,-0.50781
-1.25,2.8451,0.7207
-1.25,2.8451,-0.7207
-1.25,2.6925,0.98633
-1.25,2.6925,-0.98633
-1.25,2.5,1.2892
-1.25,2.5,-1.2892
-1.25,2.4835,1.3105
-1.25,2.4835,-1.3105
-1.25,2.1528,1.6992
-1.25,2.1528,-1.6992
-1.25,2,1.8644
-1.25,2,-1.8644
-1.25,1.6506,2.1582
-1.25,1.6506,-2.1582
-1.25,1.5,2.2754
-1.25,1.5,-2.2754
-1.25,1,2.5535
-1.25,1,-2.5535
-1.25,0.58073,2.6934
-1.25,0.58073,-2.6934
-1.25,0.5,2.7184
-1.25,0.5,-2.7184
-1.25,0,2.7702
-1.25,0,-2.7702
-1.25,-0.5,2.7184
-1.25,-0.5,-2.7184
-1.25,-0.58073,2.6934
-1.25,-0.58073,-2.6934
-1.25,-1,2.5535
-1.25,-1,-2.5535
-1.25,-1.5,2.2754
-1.25,-1.5,-2.2754
-1.25,-1.6506,2.1582
-1.25,-1.6506,-2.1582
-1.25,-2,1.8644
-1.25,-2,-1.8644
-1.25,-2.1528,1.6992
-1.25,-2.1528,-1.6992
-1.25,-2.4835,1.3105
-1.25,-2.4835,-1.3105
-1.25,-2.5,1.2892
-1.25,-2.5,-1.2892
-1.25,-2.6925,0.98633
-1.25,-2.6925,-0.98633
-1.25,-2.8451,0.7207
-1.25,-2.8451,-0.7207
-1.25,-2.9545,0.50781
-1.25,-2.9545,-0.50781
-1.25,-3,0.40752
-1.25,-3,-0.40752
-1.25,-3.0252,0.3418
-1.25,-3.0252,-0.3418
-1.25,-3.0667,0.2168
-1.25,-3.0667,-0.2168
-1.25,-3.0919,0.12695
-1.25,-3.0919,-0.12695
-1.25,-3.1058,0.066406
-1.25,-3.1058,-0.066406
-1.25,-3.1123,0.029297
-1.25,-3.1123,-0.029297
-1.25,-3.1148,0.0097656
-1.25,-3.1148,-0.0097656
-1.25,-3.1153,0.0019531
-1.25,-3.1153,-0.0019531
-1.25,-3.1154,0
-1.2615,0.5,2.6934
-1.2615,0.5,-2.6934
-1.2615,-0.5,2.6934
-1.2615,-0.5,-2.6934
-1.2656,3,0.3418
-1.2656,3,-0.3418
-1.2656,-3,0.3418
-1.2656,-3,-0.3418
-1.2853,0,2.6934
-1.2853,0,-2.6934
-1.2913,3,0.2168
-1.2913,3,-0.2168
-1.2913,-3,0.2168
-1.2913,-3,-0.2168
-1.3002,1.5,2.1582
-1.3002,1.5,-2.1582
-1.3002,-1.5,2.1582
-1.3002,-1.5,-2.1582
-1.3069,3,0.12695
-1.3069,3,-0.12695
-1.3069,-3,0.12695
-1.3069,-3,-0.12695
-1.3155,3,0.066406
-1.3155,3,-0.066406
-1.3155,2,1.6992
-1.3155,2,-1.6992
-1.3155,-2,1.6992
-1.3155,-2,-1.6992
-1.3155,-3,0.066406
-1.3155,-3,-0.066406
-1.3195,3,0.029297
-1.3195,3,-0.029297
-1.3195,-3,0.029297
-1.3195,-3,-0.029297
-1.3211,3,0.0097656
-1.3211,3,-0.0097656
-1.3211,-3,0.0097656
-1.3211,-3,-0.0097656
-1.3214,3,0.0019531
-1.3214,3,-0.0019531
-1.3214,-3,0.0019531
-1.3214,-3,-0.0019531
-1.3214,3,0
-1.3214,-3,0
-1.3508,2.5,0.98633
-1.3508,2.5,-0.98633
-1.3508,-2.5,0.98633
-1.3508,-2.5,-0.98633
-1.375,2.8977,0
-1.375,2.8977,0.0019531
-1.375,2.8977,-0.0019531
-1.375,2.897,0.0097656
-1.375,2.897,-0.0097656
-1.375,2.8941,0.029297
-1.375,2.8941,-0.029297
-1.375,2.8864,0.066406
-1.375,2.8864,-0.066406
-1.375,2.87,0.12695
-1.375,2.87,-0.12695
-1.375,2.8402,0.2168
-1.375,2.8402,-0.2168
-1.375,2.7911,0.3418
-1.375,2.7911,-0.3418
-1.375,2.7159,0.50781
-1.375,2.7159,-0.50781
-1.375,2.6065,0.7207
-1.375,2.6065,-0.7207
-1.375,2.5,0.906
-1.375,2.5,-0.906
-1.375,2.4436,0.98633
-1.375,2.4436,-0.98633
-1.375,2.1918,1.3105
-1.375,2.1918,-1.3105
-1.375,2,1.536
-1.375,2,-1.536
-1.375,1.8214,1.6992
-1.375,1.8214,-1.6992
-1.375,1.5,1.9695
-1.375,1.5,-1.9695
-1.375,1.1858,2.1582
-1.375,1.1858,-2.1582
-1.375,1,2.2615
-1.375,1,-2.2615
-1.375,0.5,2.4284
-1.375,0.5,-2.4284
-1.375,0,2.484
-1.375,0,-2.484
-1.375,-0.5,2.4284
-1.375,-0.5,-2.4284
-1.375,-1,2.2615
-1.375,-1,-2.2615
-1.375,-1.1858,2.1582
-1.375,-1.1858,-2.1582
-1.375,-1.5,1.9695
-1.375,-1.5,-1.9695
-1.375,-1.8214,1.6992
-1.375,-1.8214,-1.6992
-1.375,-2,1.536
-1.375,-2,-1.536
-1.375,-2.1918,1.3105
-1.375,-2.1918,-1.3105
-1.375,-2.4436,0.98633
-1.375,-2.4436,-0.98633
-1.375,-2.5,0.906
-1.375,-2.5,-0.906
-1.375,-2.6065,0.7207
-1.375,-2.6065,-0.7207
-1.375,-2.7159,0.50781
-1.375,-2.7159,-0.50781
-1.375,-2.7911,0.3418
-1.375,-2.7911,-0.3418
-1.375,-2.8402,0.2168
-1.375,-2.8402,-0.2168
-1.375,-2.87,0.12695
-1.375,-2.87,-0.12695
-1.375,-2.8864,0.066406
-1.375,-2.8864,-0.066406
-1.375,-2.8941,0.029297
-1.375,-2.8941,-0.029297
-1.375,-2.897,0.0097656
-1.375,-2.897,-0.0097656
-1.375,-2.8977,0.0019531
-1.375,-2.8977,-0.0019531
-1.375,-2.8977,0
-1.4154,1,2.1582
-1.4154,1,-2.1582
-1.4154,-1,2.1582
-1.4154,-1,-2.1582
-1.4259,2.5,0.7207
-1.4259,2.5,-0.7207
-1.4259,-2.5,0.7207
-1.4259,-2.5,-0.7207
-1.45,2,1.3105
-1.45,2,-1.3105
-1.45,-2,1.3105
-1.45,-2,-1.3105
-1.4728,1.5,1.6992
-1.4728,1.5,-1.6992
-1.4728,-1.5,1.6992
-1.4728,-1.5,-1.6992
-1.4783,2.5,0.50781
-1.4783,2.5,-0.50781
-1.4783,-2.5,0.50781
-1.4783,-2.5,-0.50781
-1.4806,0.5,2.1582
-1.4806,0.5,-2.1582
-1.4806,-0.5,2.1582
-1.4806,-0.5,-2.1582
-1.5,2.6364,0
-1.5,2.6363,0.0019531
-1.5,2.6363,-0.0019531
-1.5,2.6357,0.0097656
-1.5,2.6357,-0.0097656
-1.5,2.6328,0.029297
-1.5,2.6328,-0.029297
-1.5,2.625,0.066406
-1.5,2.625,-0.066406
-1.5,2.6086,0.12695
-1.5,2.6086,-0.12695
-1.5,2.5788,0.2168
-1.5,2.5788,-0.2168
-1.5,2.5298,0.3418
-1.5,2.5298,-0.3418
-1.5,2.5,0.40752
-1.5,2.5,-0.40752
-1.5,2.4444,0.50781
-1.5,2.4444,-0.50781
-1.5,2.3107,0.7207
-1.5,2.3107,-0.7207
-1.5,2.1241,0.98633
-1.5,2.1241,-0.98633
-1.5,2,1.1462
-1.5,2,-1.1462
-1.5,1.8359,1.3105
-1.5,1.8359,-1.3105
-1.5,1.5,1.6176
-1.5,1.5,-1.6176
-1.5,1.375,1.6992
-1.5,1.375,-1.6992
-1.5,1,1.9245
-1.5,1,-1.9245
-1.5,0.5,2.1047
-1.5,0.5,-2.1047
-1.5,0.054199,2.1582
-1.5,0.054199,-2.1582
-1.5,0,2.1642
-1.5,0,-2.1642
-1.5,-0.054199,2.1582
-1.5,-0.054199,-2.1582
-1.5,-0.5,2.1047
-1.5,-0.5,-2.1047
-1.5,-1,1.9245
-1.5,-1,-1.9245
-1.5,-1.375,1.6992
-1.5,-1.375,-1.6992
-1.5,-1.5,1.6176
-1.5,-1.5,-1.6176
-1.5,-1.8359,1.3105
-1.5,-1.8359,-1.3105
-1.5,-2,1.1462
-1.5,-2,-1.1462
-1.5,-2.1241,0.98633
-1.5,-2.1241,-0.98633
-1.5,-2.3107,0.7207
-1.5,-2.3107,-0.7207
-1.5,-2.4444,0.50781
-1.5,-2.4444,-0.50781
-1.5,-2.5,0.40752
-1.5,-2.5,-0.40752
-1.5,-2.5298,0.3418
-1.5,-2.5298,-0.3418
-1.5,-2.5788,0.2168
-1.5,-2.5788,-0.2168
-1.5,-2.6086,0.12695
-1.5,-2.6086,-0.12695
-1.5,-2.625,0.066406
-1.5,-2.625,-0.066406
-1.5,-2.6328,0.029297
-1.5,-2.6328,-0.029297
-1.5,-2.6357,0.0097656
-1.5,-2.6357,-0.0097656
-1.5,-2.6363,0.0019531
-1.5,-2.6363,-0.0019531
-1.5,-2.6364,0
-1.5022,0,2.1582
-1.5022,0,-2.1582
-1.5131,2.5,0.3418
-1.5131,2.5,-0.3418
-1.5131,-2.5,0.3418
-1.5131,-2.5,-0.3418
-1.5347,2.5,0.2168
-1.5347,2.5,-0.2168
-1.5347,-2.5,0.2168
-1.5347,-2.5,-0.2168
-1.5447,2,0.98633
-1.5447,2,-0.98633
-1.5447,-2,0.98633
-1.5447,-2,-0.98633
-1.5478,2.5,0.12695
-1.5478,2.5,-0.12695
-1.5478,-2.5,0.12695
-1.5478,-2.5,-0.12695
-1.555,2.5,0.066406
-1.555,2.5,-0.066406
-1.555,-2.5,0.066406
-1.555,-2.5,-0.066406
-1.5584,2.5,0.029297
-1.5584,2.5,-0.029297
-1.5584,-2.5,0.029297
-1.5584,-2.5,-0.029297
-1.5597,2.5,0.0097656
-1.5597,2.5,-0.0097656
-1.5597,-2.5,0.0097656
-1.5597,-2.5,-0.0097656
-1.56,2.5,0.0019531
-1.56,2.5,-0.0019531
-1.56,-2.5,0.0019531
-1.56,-2.5,-0.0019531
-1.56,2.5,0
-1.56,-2.5,0
-1.575,1,1.6992
-1.575,1,-1.6992
-1.575,-1,1.6992
-1.575,-1,-1.6992
-1.594,1.5,1.3105
-1.594,1.5,-1.3105
-1.594,-1.5,1.3105
-1.594,-1.5,-1.3105
-1.6119,2,0.7207
-1.6119,2,-0.7207
-1.6119,-2,0.7207
-1.6119,-2,-0.7207
-1.625,2.3194,0
-1.625,2.3194,0.0019531
-1.625,2.3194,-0.0019531
-1.625,2.3186,0.0097656
-1.625,2.3186,-0.0097656
-1.625,2.315,0.029297
-1.625,2.315,-0.029297
-1.625,2.3056,0.066406
-1.625,2.3056,-0.066406
-1.625,2.2855,0.12695
-1.625,2.2855,-0.12695
-1.625,2.2491,0.2168
-1.625,2.2491,-0.2168
-1.625,2.1892,0.3418
-1.625,2.1892,-0.3418
-1.625,2.0972,0.50781
-1.625,2.0972,-0.50781
-1.625,2,0.66258
-1.625,2,-0.66258
-1.625,1.9531,0.7207
-1.625,1.9531,-0.7207
-1.625,1.7132,0.98633
-1.625,1.7132,-0.98633
-1.625,1.5,1.1998
-1.625,1.5,-1.1998
-1.625,1.3452,1.3105
-1.625,1.3452,-1.3105
-1.625,1,1.536
-1.625,1,-1.536
-1.625,0.58333,1.6992
-1.625,0.58333,-1.6992
-1.625,0.5,1.7293
-1.625,0.5,-1.7293
-1.625,0,1.7893
-1.625,0,-1.7893
-1.625,-0.5,1.7293
-1.625,-0.5,-1.7293
-1.625,-0.58333,1.6992
-1.625,-0.58333,-1.6992
-1.625,-1,1.536
-1.625,-1,-1.536
-1.625,-1.3452,1.3105
-1.625,-1.3452,-1.3105
-1.625,-1.5,1.1998
-1.625,-1.5,-1.1998
-1.625,-1.7132,0.98633
-1.625,-1.7132,-0.98633
-1.625,-1.9531,0.7207
-1.625,-1.9531,-0.7207
-1.625,-2,0.66258
-1.625,-2,-0.66258
-1.625,-2.0972,0.50781
-1.625,-2.0972,-0.50781
-1.625,-2.1892,0.3418
-1.625,-2.1892,-0.3418
-1.625,-2.2491,0.2168
-1.625,-2.2491,-0.2168
-1.625,-2.2855,0.12695
-1.625,-2.2855,-0.12695
-1.625,-2.3056,0.066406
-1.625,-2.3056,-0.066406
-1.625,-2.315,0.029297
-1.625,-2.315,-0.029297
-1.625,-2.3186,0.0097656
-1.625,-2.3186,-0.0097656
-1.625,-2.3194,0.0019531
-1.625,-2.3194,-0.0019531
-1.625,-2.3194,0
-1.6343,0.5,1.6992
-1.6343,0.5,-1.6992
-1.6343,-0.5,1.6992
-1.6343,-0.5,-1.6992
-1.6528,0,1.6992
-1.6528,0,-1.6992
-1.6574,2,0.50781
-1.6574,2,-0.50781
-1.6574,-2,0.50781
-1.6574,-2,-0.50781
-1.6803,1.5,0.98633
-1.6803,1.5,-0.98633
-1.6803,-1.5,0.98633
-1.6803,-1.5,-0.98633
-1.6881,2,0.3418
-1.6881,2,-0.3418
-1.6881,-2,0.3418
-1.6881,-2,-0.3418
-1.6889,1,1.3105
-1.6889,1,-1.3105
-1.6889,-1,1.3105
-1.6889,-1,-1.3105
-1.708,2,0.2168
-1.708,2,-0.2168
-1.708,-2,0.2168
-1.708,-2,-0.2168
-1.7202,2,0.12695
-1.7202,2,-0.12695
-1.7202,-2,0.12695
-1.7202,-2,-0.12695
-1.7269,2,0.066406
-1.7269,2,-0.066406
-1.7269,-2,0.066406
-1.7269,-2,-0.066406
-1.73,2,0.029297
-1.73,2,-0.029297
-1.73,-2,0.029297
-1.73,-2,-0.029297
-1.7312,2,0.0097656
-1.7312,2,-0.0097656
-1.7312,-2,0.0097656
-1.7312,-2,-0.0097656
-1.7315,2,0.0019531
-1.7315,2,-0.0019531
-1.7315,-2,0.0019531
-1.7315,-2,-0.0019531
-1.7315,2,0
-1.7315,-2,0
-1.7425,1.5,0.7207
-1.7425,1.5,-0.7207
-1.7425,-1.5,0.7207
-1.7425,-1.5,-0.7207
-1.7445,0.5,1.3105
-1.7445,0.5,-1.3105
-1.7445,-0.5,1.3105
-1.7445,-0.5,-1.3105
-1.75,1.9286,0
-1.75,1.9285,0.0019531
-1.75,1.9285,-0.0019531
-1.75,1.9275,0.0097656
-1.75,1.9275,-0.0097656
-1.75,1.9229,0.029297
-1.75,1.9229,-0.029297
-1.75,1.9107,0.066406
-1.75,1.9107,-0.066406
-1.75,1.885,0.12695
-1.75,1.885,-0.12695
-1.75,1.8382,0.2168
-1.75,1.8382,-0.2168
-1.75,1.7611,0.3418
-1.75,1.7611,-0.3418
-1.75,1.6429,0.50781
-1.75,1.6429,-0.50781
-1.75,1.5,0.68469
-1.75,1.5,-0.68469
-1.75,1.4593,0.7207
-1.75,1.4593,-0.7207
-1.75,1.1234,0.98633
-1.75,1.1234,-0.98633
-1.75,1,1.0746
-1.75,1,-1.0746
-1.75,0.5,1.2892
-1.75,0.5,-1.2892
-1.75,0.35107,1.3105
-1.75,0.35107,-1.3105
-1.75,0,1.3564
-1.75,0,-1.3564
-1.75,-0.35107,1.3105
-1.75,-0.35107,-1.3105
-1.75,-0.5,1.2892
-1.75,-0.5,-1.2892
-1.75,-1,1.0746
-1.75,-1,-1.0746
-1.75,-1.1234,0.98633
-1.75,-1.1234,-0.98633
-1.75,-1.4593,0.7207
-1.75,-1.4593,-0.7207
-1.75,-1.5,0.68469
-1.75,-1.5,-0.68469
-1.75,-1.6429,0.50781
-1.75,-1.6429,-0.50781
-1.75,-1.7611,0.3418
-1.75,-1.7611,-0.3418
-1.75,-1.8382,0.2168
-1.75,-1.8382,-0.2168
-1.75,-1.885,0.12695
-1.75,-1.885,-0.12695
-1.75,-1.9107,0.066406
-1.75,-1.9107,-0.066406
-1.75,-1.9229,0.029297
-1.75,-1.9229,-0.029297
-1.75,-1.9275,0.0097656
-1.75,-1.9275,-0.0097656
-1.75,-1.9285,0.0019531
-1.75,-1.9285,-0.0019531
-1.75,-1.9286,0
-1.7621,0,1.3105
-1.7621,0,-1.3105
-1.7713,1,0.98633
-1.7713,1,-0.98633
-1.7713,-1,0.98633
-1.7713,-1,-0.98633
-1.7845,1.5,0.50781
-1.7845,1.5,-0.50781
-1.7845,-1.5,0.50781
-1.7845,-1.5,-0.50781
-1.813,1.5,0.3418
-1.813,1.5,-0.3418
-1.813,-1.5,0.3418
-1.813,-1.5,-0.3418
-1.823,0.5,0.98633
-1.823,0.5,-0.98633
-1.823,-0.5,0.98633
-1.823,-0.5,-0.98633
-1.8292,1,0.7207
-1.8292,1,-0.7207
-1.8292,-1,0.7207
-1.8292,-1,-0.7207
-1.8316,1.5,0.2168
-1.8316,1.5,-0.2168
-1.8316,-1.5,0.2168
-1.8316,-1.5,-0.2168
-1.8402,0,0.98633
-1.8402,0,-0.98633
-1.8429,1.5,0.12695
-1.8429,1.5,-0.12695
-1.8429,-1.5,0.12695
-1.8429,-1.5,-0.12695
-1.8491,1.5,0.066406
-1.8491,1.5,-0.066406
-1.8491,-1.5,0.066406
-1.8491,-1.5,-0.066406
-1.8521,1.5,0.029297
-1.8521,1.5,-0.029297
-1.8521,-1.5,0.029297
-1.8521,-1.5,-0.029297
-1.8532,1.5,0.0097656
-1.8532,1.5,-0.0097656
-1.8532,-1.5,0.0097656
-1.8532,-1.5,-0.0097656
-1.8534,1.5,0.0019531
-1.8534,1.5,-0.0019531
-1.8534,-1.5,0.0019531
-1.8534,-1.5,-0.0019531
-1.8534,1.5,0
-1.8534,-1.5,0
-1.8707,1,0.50781
-1.8707,1,-0.50781
-1.8707,-1,0.50781
-1.8707,-1,-0.50781
-1.875,1.375,0
-1.875,1.3749,0.0019531
-1.875,1.3749,-0.0019531
-1.875,1.3734,0.0097656
-1.875,1.3734,-0.0097656
-1.875,1.3671,0.029297
-1.875,1.3671,-0.029297
-1.875,1.35,0.066406
-1.875,1.35,-0.066406
-1.875,1.314,0.12695
-1.875,1.314,-0.12695
-1.875,1.2484,0.2168
-1.875,1.2484,-0.2168
-1.875,1.1405,0.3418
-1.875,1.1405,-0.3418
-1.875,1,0.48274
-1.875,1,-0.48274
-1.875,0.95833,0.50781
-1.875,0.95833,-0.50781
-1.875,0.55713,0.7207
-1.875,0.55713,-0.7207
-1.875,0.5,0.74781
-1.875,0.5,-0.74781
-1.875,0,0.82691
-1.875,0,-0.82691
-1.875,-0.5,0.74781
-1.875,-0.5,-0.74781
-1.875,-0.55713,0.7207
-1.875,-0.55713,-0.7207
-1.875,-0.95833,0.50781
-1.875,-0.95833,-0.50781
-1.875,-1,0.48274
-1.875,-1,-0.48274
-1.875,-1.1405,0.3418
-1.875,-1.1405,-0.3418
-1.875,-1.2484,0.2168
-1.875,-1.2484,-0.2168
-1.875,-1.314,0.12695
-1.875,-1.314,-0.12695
-1.875,-1.35,0.066406
-1.875,-1.35,-0.066406
-1.875,-1.3671,0.029297
-1.875,-1.3671,-0.029297
-1.875,-1.3734,0.0097656
-1.875,-1.3734,-0.0097656
-1.875,-1.3749,0.0019531
-1.875,-1.3749,-0.0019531
-1.875,-1.375,0
-1.8805,0.5,0.7207
-1.8805,0.5,-0.7207
-1.8805,-0.5,0.7207
-1.8805,-0.5,-0.7207
-1.8967,0,0.7207
-1.8967,0,-0.7207
-1.8977,1,0.3418
-1.8977,1,-0.3418
-1.8977,-1,0.3418
-1.8977,-1,-0.3418
-1.9151,1,0.2168
-1.9151,1,-0.2168
-1.9151,-1,0.2168
-1.9151,-1,-0.2168
-1.9194,0.5,0.50781
-1.9194,0.5,-0.50781
-1.9194,-0.5,0.50781
-1.9194,-0.5,-0.50781
-1.9256,1,0.12695
-1.9256,1,-0.12695
-1.9256,-1,0.12695
-1.9256,-1,-0.12695
-1.9315,1,0.066406
-1.9315,1,-0.066406
-1.9315,-1,0.066406
-1.9315,-1,-0.066406
-1.9342,1,0.029297
-1.9342,1,-0.029297
-1.9342,-1,0.029297
-1.9342,-1,-0.029297
-1.9352,1,0.0097656
-1.9352,1,-0.0097656
-1.9352,-1,0.0097656
-1.9352,-1,-0.0097656
-1.9355,1,0.0019531
-1.9355,1,-0.0019531
-1.9355,-1,0.0019531
-1.9355,-1,-0.0019531
-1.9355,1,0
-1.9355,0,0.50781
-1.9355,0,-0.50781
-1.9355,-1,0
-1.9461,0.5,0.3418
-1.9461,0.5,-0.3418
-1.9461,-0.5,0.3418
-1.9461,-0.5,-0.3418
-1.9622,0,0.3418
-1.9622,0,-0.3418
-1.9635,0.5,0.2168
-1.9635,0.5,-0.2168
-1.9635,-0.5,0.2168
-1.9635,-0.5,-0.2168
-1.974,0.5,0.12695
-1.974,0.5,-0.12695
-1.974,-0.5,0.12695
-1.974,-0.5,-0.12695
-1.9796,0,0.2168
-1.9796,0,-0.2168
-1.9798,0.5,0.066406
-1.9798,0.5,-0.066406
-1.9798,-0.5,0.066406
-1.9798,-0.5,-0.066406
-1.9826,0.5,0.029297
-1.9826,0.5,-0.029297
-1.9826,-0.5,0.029297
-1.9826,-0.5,-0.029297
-1.9836,0.5,0.0097656
-1.9836,0.5,-0.0097656
-1.9836,-0.5,0.0097656
-1.9836,-0.5,-0.0097656
-1.9839,0.5,0.0019531
-1.9839,0.5,-0.0019531
-1.9839,-0.5,0.0019531
-1.9839,-0.5,-0.0019531
-1.9839,0.5,0
-1.9839,-0.5,0
-1.9902,0,0.12695
-1.9902,0,-0.12695
-1.996,0,0.066406
-1.996,0,-0.066406
-1.9987,0,0.029297
-1.9987,0,-0.029297
-1.9997,0,0.0097656
-1.9997,0,-0.0097656
-2,0,0.0019531
-2,0,-0.0019531
-2,0,0
